0,1,2,3,4,5,6,7,8,9,10,11,12,13,14,15,16,17,18,19
-9.162146556673012,-8.132262523900279,-7.102378491127544,-6.072494458354811,-5.042610425582077,-4.012726392809343,-2.98284236003661,-1.9529583272638762,-0.9230742944911423,0.10680973828159142,0.10680973828159142,1.0648596739689098,2.0229096096562285,2.9809595453435467,3.9390094810308653,4.897059416718184,5.855109352405502,6.8131592880928205,7.771209223780139,8.729259159467457
-4.258405694109959,-3.6756574232383623,-3.092909152366766,-2.5101608814951697,-1.9274126106235734,-1.344664339751977,-0.7619160688803808,-0.17916779800878402,0.40358047286281185,0.9863287437344076,0.9863287437344076,1.684449093794134,2.3825694438538605,3.080689793913587,3.7788101439733133,4.47693049403304,5.175050844092766,5.8731711941524924,6.571291544212219,7.269411894271945
4.212050764376666,4.795630780447823,5.379210796518981,5.962790812590139,6.5463708286612965,7.129950844732454,7.713530860803612,8.297110876874768,8.880690892945928,9.464270909017085,9.464270909017085,10.396804692664938,11.329338476312794,12.261872259960647,13.1944060436085,14.126939827256354,15.05947361090421,15.992007394552063,16.924541178199917,17.857074961847772
-0.3879164182673791,-0.19755053299826725,-0.007184647729155391,0.1831812375399564,0.3735471228090683,0.5639130080781802,0.7542788933472919,0.9446447786164038,1.1350106638855157,1.3253765491546277,1.3253765491546277,1.940214677964884,2.55505280677514,3.1698909355853964,3.784729064395652,4.399567193205908,5.014405322016165,5.62924345082642,6.244081579636677,6.858919708446933
-4.211890001131286,-3.5245135128359326,-2.8371370245405796,-2.149760536245227,-1.462384047949874,-0.775007559654521,-0.08763107135916837,0.5997454169361847,1.2871219052315377,1.9744983935268905,1.9744983935268905,2.2280137120496026,2.4815290305723146,2.735044349095027,2.988559667617739,3.2420749861404508,3.495590304663163,3.749105623185875,4.002620941708587,4.256136260231299
-2.704682155002497,-2.394761502132369,-2.084840849262241,-1.7749201963921126,-1.4649995435219845,-1.1550788906518563,-0.8451582377817282,-0.5352375849116,-0.22531693204147185,0.08460372082865623,0.08460372082865623,1.257317009002414,2.4300302971761716,3.6027435853499292,4.775456873523686,5.948170161697444,7.120883449871202,8.293596738044961,9.466310026218718,10.639023314392475
-4.814570839864084,-4.1211555402532065,-3.427740240642329,-2.7343249410314523,-2.040909641420575,-1.3474943418096976,-0.6540790421988207,0.0393362574120566,0.7327515570229339,1.4261668566338117,1.4261668566338117,1.4366493310922,1.4471318055505882,1.4576142800089764,1.4680967544673647,1.4785792289257529,1.4890617033841411,1.4995441778425294,1.5100266523009176,1.5205091267593058
-4.646701501445225,-4.041561259246828,-3.436421017048432,-2.8312807748500357,-2.2261405326516392,-1.6210002904532428,-1.0158600482548463,-0.4107198060564503,0.1944204361419466,0.7995606783403433,0.7995606783403433,1.3678319410250452,1.9361032037097472,2.504374466394449,3.0726457290791513,3.640916991763853,4.209188254448555,4.7774595171332574,5.345730779817959,5.914002042502661
-5.718559146735698,-3.5500833893346124,-1.3816076319335266,0.7868681254675591,2.955343882868645,5.123819640269732,7.2922953976708165,9.460771155071901,11.629246912472988,13.797722669874075,13.797722669874075,14.072266337719713,14.34681000556535,14.621353673410988,14.895897341256624,15.170441009102262,15.4449846769479,15.719528344793538,15.994072012639176,16.268615680484814
1.222333247327411,1.3424625579591218,1.4625918685908323,1.582721179222543,1.7028504898542536,1.8229798004859643,1.9431091111176748,2.0632384217493858,2.1833677323810963,2.3034970430128068,2.3034970430128068,3.391047708339986,4.4785983736671655,5.566149038994345,6.653699704321524,7.741250369648704,8.828801034975882,9.916351700303062,11.003902365630243,12.091453030957421
-1.7292099803971985,-1.297142565609417,-0.8650751508216358,-0.43300773603385445,-0.000940321246073017,0.4311270935417082,0.8631945083294896,1.295261923117271,1.7273293379050525,2.159396752692834,2.159396752692834,3.1721362141518443,4.184875675610854,5.1976151370698656,6.210354598528875,7.223094059987886,8.235833521446896,9.248572982905907,10.261312444364917,11.274051905823928
5.818049476343269,6.342481224843986,6.866912973344703,7.391344721845419,7.915776470346136,8.440208218846854,8.96463996734757,9.489071715848286,10.013503464349004,10.537935212849721,10.537935212849721,10.8859551204584,11.233975028067078,11.581994935675757,11.930014843284436,12.278034750893115,12.626054658501793,12.974074566110472,13.322094473719151,13.67011438132783
-0.7542071743773802,-0.2227601067007121,0.30868696097595594,0.840134028652624,1.371581096329292,1.9030281640059599,2.434475231682628,2.9659222993592964,3.4973693670359642,4.028816434712632,4.028816434712632,4.463876359103884,4.898936283495137,5.333996207886389,5.769056132277641,6.2041160566688935,6.639175981060146,7.074235905451398,7.50929582984265,7.944355754233903
10.739484607831626,11.27114129939856,11.802797990965491,12.334454682532424,12.866111374099358,13.397768065666291,13.929424757233225,14.461081448800156,14.99273814036709,15.524394831934023,15.524394831934023,15.931005350097866,16.337615868261707,16.744226386425552,17.150836904589394,17.557447422753235,17.96405794091708,18.37066845908092,18.777278977244766,19.183889495408607
-10.398611791341263,-8.958206997116598,-7.517802202891933,-6.077397408667268,-4.636992614442603,-3.196587820217937,-1.7561830259932734,-0.31577823176860775,1.1246265624560579,2.565031356680724,2.565031356680724,2.804745246962624,3.044459137244525,3.284173027526425,3.5238869178083254,3.7636008080902257,4.003314698372126,4.243028588654027,4.482742478935927,4.722456369217827
-4.4152675995594866,-3.671998097505675,-2.9287285954518634,-2.1854590933980513,-1.4421895913442397,-0.6989200892904281,0.04434941276338389,0.7876189148171955,1.530888416871007,2.2741579189248187,2.2741579189248187,3.167725276956811,4.061292634988803,4.954859993020795,5.848427351052788,6.74199470908478,7.635562067116772,8.529129425148763,9.422696783180758,10.316264141212748
12.860013995748082,13.225797360550237,13.591580725352392,13.957364090154547,14.3231474549567,14.688930819758856,15.05471418456101,15.420497549363166,15.78628091416532,16.152064278967476,16.152064278967476,16.708955077052774,17.265845875138073,17.822736673223375,18.379627471308673,18.93651826939397,19.49340906747927,20.05029986556457,20.60719066364987,21.16408146173517
6.1283570980951945,6.989451645933866,7.850546193772539,8.71164074161121,9.572735289449883,10.433829837288556,11.294924385127228,12.1560189329659,13.017113480804571,13.878208028643243,13.878208028643243,14.6488209993698,15.419433970096355,16.19004694082291,16.960659911549467,17.731272882276023,18.50188585300258,19.272498823729137,20.04311179445569,20.813724765182247
-5.088956798159301,-4.5039915715367265,-3.919026344914151,-3.3340611182915767,-2.749095891669002,-2.164130665046427,-1.5791654384238525,-0.9942002118012772,-0.4092349851787027,0.175730241443872,0.175730241443872,0.4471028350384391,0.7184754286330062,0.9898480222275734,1.2612206158221404,1.5325932094167076,1.8039658030112746,2.075338396605842,2.346710990200409,2.6180835837949763
9.29525369878448,9.545683386381233,9.796113073977988,10.046542761574742,10.296972449171495,10.54740213676825,10.797831824365003,11.048261511961757,11.298691199558512,11.549120887155265,11.549120887155265,12.504596280892024,13.46007167462878,14.41554706836554,15.371022462102296,16.326497855839055,17.281973249575813,18.237448643312568,19.192924037049327,20.148399430786085
0.055705052616001005,0.5085157775848679,0.9613265025537348,1.4141372275226016,1.8669479524914685,2.319758677460335,2.7725694024292022,3.2253801273980693,3.678190852366936,4.131001577335803,4.131001577335803,4.566871218397026,5.002740859458248,5.438610500519471,5.874480141580694,6.310349782641917,6.74621942370314,7.182089064764362,7.617958705825585,8.053828346886808
1.780858187818831,2.4745217247656055,3.16818526171238,3.861848798659155,4.555512335605929,5.249175872552704,5.942839409499479,6.636502946446253,7.330166483393028,8.023830020339803,8.023830020339803,8.338789027826301,8.653748035312798,8.968707042799297,9.283666050285795,9.598625057772292,9.91358406525879,10.228543072745289,10.543502080231786,10.858461087718284
-3.3549056647536517,-2.7119725002336064,-2.069039335713561,-1.4261061711935157,-0.7831730066734703,-0.140239842153425,0.5026933223666203,1.1456264868866661,1.788559651406711,2.431492815926757,2.431492815926757,2.6344870088965577,2.837481201866358,3.040475394836159,3.24346958780596,3.446463780775761,3.6494579737455615,3.8524521667153624,4.055446359685163,4.258440552654964
8.702506921162259,10.300842165996686,11.899177410831111,13.497512655665538,15.095847900499965,16.694183145334392,18.292518390168816,19.890853635003243,21.48918887983767,23.087524124672097,23.087524124672097,23.371581722642805,23.655639320613517,23.939696918584225,24.223754516554934,24.507812114525645,24.791869712496354,25.075927310467062,25.359984908437774,25.644042506408482
2.2046098568206727,2.653996439841835,3.1033830228629973,3.5527696058841594,4.002156188905322,4.451542771926484,4.900929354947646,5.3503159379688086,5.799702520989971,6.249089104011134,6.249089104011134,7.028575684980542,7.80806226594995,8.587548846919358,9.367035427888766,10.146522008858174,10.926008589827582,11.70549517079699,12.484981751766398,13.264468332735806
-6.7985249908509715,-5.857729947025633,-4.9169349032002945,-3.9761398593749564,-3.035344815549618,-2.09454977172428,-1.1537547278989413,-0.21295968407360277,0.7278353597517357,1.6686304035770745,1.6686304035770745,1.9159282144138496,2.1632260252506246,2.4105238360873997,2.657821646924175,2.90511945776095,3.152417268597725,3.3997150794345004,3.6470128902712755,3.8943107011080507
-3.2402500440254407,-2.803215782350443,-2.366181520675445,-1.9291472590004468,-1.492112997325449,-1.0550787356504512,-0.6180444739754529,-0.1810102123004551,0.2560240493745427,0.6930583110495405,0.6930583110495405,1.3239228656752924,1.954787420301044,2.5856519749267957,3.2165165295525475,3.8473810841782994,4.478245638804051,5.109110193429803,5.7399747480555545,6.370839302681306
-0.8169476829662548,-0.5347536203481793,-0.25255955773010386,0.02963450488797159,0.31182856750604704,0.5940226301241225,0.8762166927421979,1.1584107553602734,1.4406048179783488,1.7227988805964245,1.7227988805964245,2.7435435398165122,3.7642881990366,4.785032858256688,5.805777517476776,6.826522176696864,7.847266835916952,8.86801149513704,9.888756154357129,10.909500813577218
-5.338521639738758,-4.467655668204063,-3.5967896966693678,-2.7259237251346726,-1.8550577535999775,-0.9841917820652828,-0.11332581053058721,0.7575401610041084,1.628406132538803,2.4992721040734973,2.4992721040734973,2.8743558880930116,3.249439672112526,3.6245234561320405,3.9996072401515548,4.374691024171069,4.749774808190583,5.1248585922100975,5.499942376229612,5.875026160249126
5.938760146537836,6.86958160356436,7.800403060590885,8.73122451761741,9.662045974643934,10.59286743167046,11.523688888696983,12.454510345723508,13.38533180275003,14.316153259776556,14.316153259776556,15.122676236760856,15.929199213745159,16.73572219072946,17.542245167713762,18.348768144698063,19.155291121682364,19.961814098666665,20.76833707565097,21.57486005263527
-7.137431929032658,-5.963821146625387,-4.790210364218115,-3.6165995818108447,-2.4429887994035733,-1.2693780169963018,-0.09576723458903125,1.0778435478182402,2.2514543302255117,3.425065112632783,3.425065112632783,3.652720843391609,3.880376574150435,4.108032304909261,4.3356880356680865,4.563343766426913,4.790999497185739,5.018655227944564,5.24631095870339,5.473966689462216
-9.460899680433698,-8.278581406950288,-7.096263133466879,-5.913944859983469,-4.7316265865000595,-3.54930831301665,-2.36699003953324,-1.1846717660498314,-0.0023534925664208117,1.1799647809169889,1.1799647809169889,1.5038794769642614,1.827794173011534,2.1517088690588064,2.475623565106079,2.7995382611533515,3.123452957200624,3.4473676532478965,3.771282349295169,4.0951970453424416
-1.3317897866857855,-0.6021753433799636,0.12743909992585833,0.8570535432316801,1.5866679865375022,2.316282429843324,3.045896873149146,3.775511316454968,4.50512575976079,5.234740203066612,5.234740203066612,5.870831009220864,6.506921815375116,7.143012621529369,7.779103427683621,8.415194233837873,9.051285039992125,9.687375846146377,10.32346665230063,10.959557458454881
-7.7424533264315,-6.500757268441642,-5.259061210451785,-4.017365152461927,-2.77566909447207,-1.5339730364822124,-0.2922769784923549,0.9494190794975026,2.19111513748736,3.432811195477218,3.432811195477218,3.5612383665081127,3.6896655375390073,3.818092708569902,3.946519879600796,4.074947050631691,4.203374221662585,4.33180139269348,4.460228563724375,4.588655734755269
-7.6242772552514815,-6.651231549362761,-5.67818584347404,-4.705140137585318,-3.7320944316965976,-2.759048725807877,-1.7860030199191552,-0.8129573140304345,0.16008839185828627,1.1331340977470068,1.1331340977470068,1.488752690650069,1.844371283553131,2.1999898764561934,2.5556084693592553,2.9112270622623173,3.2668456551653797,3.622464248068442,3.9780828409715037,4.333701433874566
-2.66122487031798,-2.0310300143311952,-1.4008351583444105,-0.7706403023576258,-0.1404454463708409,0.48974940961594404,1.1199442656027285,1.7501391215895135,2.3803339775762984,3.0105288335630833,3.0105288335630833,3.6940471668006603,4.377565500038237,5.061083833275815,5.744602166513392,6.428120499750968,7.111638832988546,7.795157166226122,8.4786754994637,9.162193832701277
-7.8889417690591275,-6.460509997127933,-5.032078225196738,-3.6036464532655437,-2.1752146813343494,-0.7467829094031551,0.6816488625280401,2.1100806344592344,3.5385124063904287,4.966944178321623,4.966944178321623,6.13656207270104,7.306179967080458,8.475797861459874,9.645415755839291,10.815033650218709,11.984651544598126,13.154269438977543,14.32388733335696,15.493505227736378
-9.689781512166022,-8.59479928005759,-7.499817047949157,-6.404834815840724,-5.309852583732292,-4.21487035162386,-3.1198881195154273,-2.0249058874069945,-0.9299236552985626,0.16505857680986918,0.16505857680986918,0.5995293522254683,1.0340001276410675,1.4684709030566667,1.902941678472266,2.3374124538878656,2.7718832293034645,3.2063540047190635,3.640824780134663,4.075295555550262
-0.6347872552521743,0.3776377190051754,1.390062693262525,2.4024876675198747,3.4149126417772244,4.427337616034574,5.439762590291924,6.4521875645492734,7.464612538806623,8.477037513063973,8.477037513063973,9.263599553356338,10.050161593648701,10.836723633941066,11.623285674233431,12.409847714525796,13.19640975481816,13.982971795110524,14.769533835402889,15.556095875695252
-5.048242659388261,-4.429331721437383,-3.8104207834865043,-3.1915098455356254,-2.572598907584747,-1.9536879696338687,-1.33477703168299,-0.7158660937321111,-0.0969551557812327,0.5219557821696459,0.5219557821696459,1.5503146441307842,2.5786735060919224,3.607032368053061,4.635391230014199,5.663750091975337,6.692108953936476,7.7204678158976145,8.748826677858753,9.777185539819891
-6.154920954761998,-4.975230676055223,-3.7955403973484483,-2.6158501186416734,-1.4361598399348985,-0.2564695612281236,0.9232207174786513,2.1029109961854253,3.282601274892201,4.462291553598977,4.462291553598977,5.095981989515731,5.729672425432485,6.3633628613492395,6.9970532972659925,7.630743733182747,8.264434169099502,8.898124605016255,9.531815040933008,10.165505476849763
-7.297143703021417,-6.4783790273720765,-5.659614351722736,-4.840849676073395,-4.022085000424054,-3.2033203247747126,-2.384555649125372,-1.5657909734760311,-0.7470262978266904,0.07173837782265044,0.07173837782265044,0.6918458465240306,1.3119533152254106,1.9320607839267907,2.552168252628171,3.1722757213295507,3.792383190030931,4.412490658732311,5.032598127433691,5.652705596135071
2.8898355880057442,3.382737651873743,3.875639715741742,4.368541779609741,4.8614438434777405,5.3543459073457385,5.847247971213738,6.340150035081737,6.833052098949736,7.325954162817735,7.325954162817735,8.438968045354349,9.551981927890964,10.664995810427577,11.778009692964192,12.891023575500807,14.00403745803742,15.117051340574035,16.23006522311065,17.343079105647263
12.114708897990024,12.475285994733749,12.835863091477476,13.196440188221201,13.557017284964926,13.917594381708653,14.278171478452379,14.638748575196104,14.99932567193983,15.359902768683556,15.359902768683556,17.346499311545212,19.33309585440687,21.319692397268525,23.306288940130184,25.292885482991842,27.279482025853497,29.26607856871516,31.252675111576814,33.23927165443847
-4.11069823861795,-2.748137044891629,-1.3855758511653082,-0.023014657438987562,1.3395465362873331,2.702107730013654,4.0646689237399745,5.427230117466294,6.789791311192616,8.152352504918937,8.152352504918937,9.387723795066831,10.623095085214725,11.858466375362621,13.093837665510513,14.329208955658409,15.564580245806303,16.799951535954197,18.03532282610209,19.270694116249985
-10.80500816387028,-9.303938189306567,-7.802868214742855,-6.301798240179142,-4.8007282656154295,-3.299658291051717,-1.7985883164880043,-0.2975183419242917,1.2035516326394209,2.704621607203133,2.704621607203133,3.0681743401490595,3.431727073094986,3.795279806040913,4.1588325389868395,4.522385271932766,4.8859380048786925,5.249490737824619,5.613043470770545,5.976596203716472
-14.433091576302699,-12.352968603913506,-10.272845631524316,-8.192722659135123,-6.112599686745931,-4.032476714356738,-1.9523537419675474,0.12776923042164512,2.2078922028108376,4.288015175200028,4.288015175200028,5.77659088701921,7.265166598838391,8.753742310657572,10.242318022476754,11.730893734295936,13.219469446115117,14.708045157934299,16.19662086975348,17.68519658157266
-2.323742834987411,-1.3821654210059848,-0.4405880070245587,0.5009894069568674,1.4425668209382936,2.3841442349197193,3.325721648901146,4.267299062882572,5.208876476863998,6.150453890845424,6.150453890845424,7.167565930412552,8.184677969979681,9.201790009546809,10.218902049113938,11.236014088681067,12.253126128248194,13.270238167815323,14.287350207382453,15.30446224694958
-11.504253185814187,-10.17753094949147,-8.850808713168753,-7.524086476846036,-6.197364240523319,-4.870642004200602,-3.5439197678778847,-2.2171975315551666,-0.8904752952324504,0.4362469410902662,0.4362469410902662,1.539677532962656,2.6431081248350456,3.7465387167074353,4.849969308579825,5.953399900452214,7.056830492324604,8.160261084196994,9.263691676069383,10.367122267941772
-11.621811480205935,-9.742025833763838,-7.862240187321742,-5.982454540879645,-4.1026688944375485,-2.2228832479954512,-0.3430976015533549,1.5366880448887414,3.416473691330838,5.296259337772935,5.296259337772935,5.424893500485222,5.553527663197508,5.6821618259097955,5.810795988622082,5.939430151334369,6.068064314046655,6.196698476758942,6.325332639471229,6.4539668021835155
-9.600853809461906,-8.07221414582775,-6.543574482193595,-5.014934818559439,-3.4862951549252834,-1.9576554912911277,-0.429015827656972,1.0996238359771837,2.6282634996113394,4.156903163245494,4.156903163245494,4.5614665781270975,4.9660299930087,5.370593407890303,5.775156822771907,6.17972023765351,6.584283652535113,6.988847067416716,7.393410482298319,7.797973897179922
-10.653456947591684,-9.3873098891046,-8.121162830617514,-6.85501577213043,-5.588868713643345,-4.32272165515626,-3.0565745966691757,-1.790427538182092,-0.5242804796950065,0.7418665787920773,0.7418665787920773,1.9800066013109474,3.2181466238298175,4.456286646348688,5.694426668867558,6.932566691386428,8.170706713905298,9.408846736424168,10.646986758943038,11.885126781461908
-2.2655116641030215,-1.4791397453625987,-0.6927678266221762,0.09360409211824638,0.8799760108586692,1.666347929599092,2.4527198483395143,3.2390917670799375,4.02546368582036,4.811835604560782,4.811835604560782,6.741149535791015,8.670463467021248,10.599777398251481,12.529091329481714,14.458405260711947,16.387719191942182,18.317033123172415,20.246347054402648,22.17566098563288
3.8263411520656962,4.3934672798942955,4.960593407722894,5.527719535551492,6.094845663380092,6.661971791208691,7.229097919037289,7.796224046865888,8.363350174694487,8.930476302523086,8.930476302523086,10.70177173445098,12.473067166378875,14.244362598306768,16.015658030234665,17.786953462162558,19.558248894090454,21.329544326018347,23.10083975794624,24.872135189874136
-17.742768979635493,-15.665882623854646,-13.588996268073798,-11.51210991229295,-9.435223556512103,-7.358337200731256,-5.281450844950408,-3.2045644891695595,-1.127678133388713,0.9492082223921324,0.9492082223921324,1.1350250387653376,1.3208418551385428,1.5066586715117478,1.6924754878849528,1.878292304258158,2.0641091206313633,2.2499259370045683,2.4357427533777734,2.6215595697509784
0.7555871748944991,2.0281588909108508,3.3007306069272024,4.5733023229435545,5.845874038959906,7.118445754976257,8.391017470992608,9.663589187008961,10.936160903025312,12.208732619041664,12.208732619041664,13.088058409767298,13.96738420049293,14.846709991218564,15.726035781944198,16.605361572669832,17.484687363395466,18.364013154121096,19.24333894484673,20.122664735572364
-7.552920466541792,-6.68671045473074,-5.820500442919688,-4.954290431108635,-4.088080419297583,-3.2218704074865308,-2.3556603956754785,-1.4894503838644262,-0.6232403720533739,0.24296963975767819,0.24296963975767819,1.3612669190451374,2.479564198332597,3.5978614776200564,4.716158756907515,5.834456036194974,6.952753315482434,8.071050594769893,9.189347874057352,10.307645153344811
-15.863511173208247,-13.968514087017443,-12.07351700082664,-10.178519914635837,-8.283522828445033,-6.388525742254231,-4.493528656063427,-2.598531569872625,-0.7035344836818211,1.1914626025089823,1.1914626025089823,1.357673339474332,1.5238840764396817,1.6900948134050315,1.8563055503703811,2.0225162873357307,2.188727024301081,2.3549377612664304,2.5211484982317804,2.68735923519713
-22.534146612425314,-19.88701980789345,-17.23989300336158,-14.592766198829715,-11.945639394297848,-9.29851258976598,-6.651385785234115,-4.004258980702247,-1.3571321761703814,1.2899946283614832,1.2899946283614832,1.379429864911132,1.4688651014607812,1.55830033801043,1.6477355745600792,1.7371708111097282,1.8266060476593773,1.9160412842090262,2.005476520758675,2.0949117573083242
-3.5171772700685127,-2.710579727542579,-1.903982185016646,-1.097384642490713,-0.29078709996477947,0.515810442561154,1.3224079850870867,2.12900552761302,2.9356030701389537,3.7422006126648872,3.7422006126648872,4.755477034930566,5.7687534571962455,6.782029879461925,7.795306301727604,8.808582723993283,9.821859146258962,10.835135568524642,11.848411990790321,12.861688413056001
1.1912333323581734,2.32504035097568,3.458847369593187,4.592654388210694,5.726461406828201,6.860268425445708,7.994075444063215,9.127882462680722,10.261689481298228,11.395496499915735,11.395496499915735,13.100149566056364,14.804802632196994,16.509455698337625,18.214108764478254,19.918761830618884,21.623414896759513,23.328067962900143,25.032721029040772,26.7373740951814
-5.942881422305471,-5.244450888614779,-4.546020354924087,-3.8475898212333943,-3.149159287542702,-2.45072875385201,-1.7522982201613173,-1.0538676864706256,-0.35543715277993293,0.34299338091076,0.34299338091076,2.060627612639835,3.7782618443689104,5.495896076097985,7.21353030782706,8.931164539556136,10.648798771285211,12.366433003014286,14.084067234743362,15.801701466472437
-9.693351360104229,-8.000345248009552,-6.307339135914873,-4.614333023820196,-2.921326911725518,-1.2283207996308398,0.46468531246383726,2.157691424558516,3.8506975366531933,5.54370364874787,5.54370364874787,6.243317214632134,6.942930780516396,7.642544346400658,8.342157912284922,9.041771478169185,9.741385044053448,10.44099860993771,11.140612175821973,11.840225741706236
-20.11471875134599,-17.82879630819945,-15.542873865052911,-13.25695142190637,-10.971028978759831,-8.685106535613292,-6.399184092466751,-4.113261649320211,-1.8273392061736722,0.45858323697286607,0.45858323697286607,0.9341774498171658,1.4097716626614654,1.8853658755057654,2.360960088350065,2.8365543011943646,3.3121485140386646,3.787742726882964,4.263336939727264,4.738931152571563
-7.013736689504025,-5.316716940928167,-3.6196971923523096,-1.9226774437764522,-0.22565769520059398,1.4713620533752643,3.1683818019511207,4.865401550526979,6.562421299102837,8.259441047678695,8.259441047678695,9.33627422832437,10.413107408970045,11.489940589615722,12.566773770261397,13.643606950907072,14.720440131552749,15.797273312198424,16.8741064928441,17.950939673489774
-6.475887529292835,-5.218200924509144,-3.9605143197254535,-2.7028277149417628,-1.4451411101580725,-0.18745450537438213,1.070232099409309,2.3279187041929985,3.5856053089766897,4.843291913760381,4.843291913760381,6.656149950773637,8.469007987786892,10.281866024800149,12.094724061813405,13.907582098826662,15.720440135839915,17.533298172853172,19.34615620986643,21.159014246879686
-16.049289842761347,-14.0085563852925,-11.967822927823654,-9.927089470354808,-7.886356012885962,-5.8456225554171155,-3.8048890979482692,-1.764155640479423,0.2765778169894233,2.317311274458268,2.317311274458268,3.020577870189448,3.723844465920628,4.427111061651809,5.130377657382988,5.833644253114169,6.536910848845349,7.2401774445765295,7.94344404030771,8.64671063603889
-14.116738130540966,-12.290097753432985,-10.463457376325003,-8.63681699921702,-6.810176622109038,-4.983536245001057,-3.1568958678930734,-1.3302554907850919,0.4963848863228897,2.3230252634308712,2.3230252634308712,3.245845446025979,4.168665628621087,5.091485811216193,6.014305993811302,6.937126176406409,7.859946359001516,8.782766541596624,9.705586724191733,10.62840690678684
-3.9275177074183483,-3.18330611635126,-2.4390945252841725,-1.6948829342170844,-0.9506713431499962,-0.20645975208290812,0.5377518389841796,1.2819634300512681,2.026175021118356,2.7703866121854435,2.7703866121854435,4.5158626439436995,6.261338675701956,8.006814707460212,9.752290739218468,11.497766770976725,13.243242802734981,14.988718834493238,16.734194866251492,18.47967089800975
-9.312651018304132,-8.22867368170839,-7.144696345112646,-6.060719008516903,-4.97674167192116,-3.892764335325417,-2.8087869987296745,-1.7248096621339313,-0.640832325538188,0.4431450110575542,0.4431450110575542,2.359284798023299,4.275424584989044,6.191564371954789,8.107704158920534,10.023843945886279,11.939983732852024,13.85612351981777,15.772263306783515,17.68840309374926
-15.660658252584954,-13.69663520495154,-11.732612157318126,-9.768589109684712,-7.804566062051299,-5.840543014417884,-3.876519966784471,-1.9124969191510583,0.05152612848235627,2.0155491761157713,2.0155491761157713,2.707403229762889,3.399257283410006,4.091111337057123,4.782965390704241,5.474819444351359,6.166673497998476,6.858527551645594,7.550381605292712,8.242235658939828
-17.10230708760451,-14.866148345090654,-12.629989602576797,-10.393830860062941,-8.157672117549087,-5.921513375035232,-3.685354632521376,-1.4491958900075197,0.7869628525063348,3.0231215950201884,3.0231215950201884,4.598172850181682,6.173224105343176,7.74827536050467,9.323326615666165,10.898377870827659,12.473429125989153,14.048480381150647,15.62353163631214,17.198582891473635
-1.8608104037875446,-0.3535523449122271,1.1537057139630904,2.660963772838408,4.168221831713725,5.675479890589043,7.182737949464361,8.689996008339678,10.197254067214995,11.704512126090313,11.704512126090313,12.785730559401802,13.866948992713294,14.948167426024783,16.029385859336273,17.110604292647764,18.191822725959252,19.273041159270743,20.35425959258223,21.435478025893723
-23.401519411069167,-20.449051042765326,-17.49658267446149,-14.544114306157649,-11.59164593785381,-8.639177569549972,-5.686709201246131,-2.7342408329422945,0.21822753536154593,3.1706959036653877,3.1706959036653877,3.8949729033565648,4.619249903047741,5.343526902738919,6.067803902430096,6.792080902121272,7.51635790181245,8.240634901503627,8.964911901194803,9.68918890088598
-10.223174000959084,-8.415803820280473,-6.608433639601863,-4.801063458923252,-2.993693278244642,-1.1863230975660315,0.621047083112579,2.4284172637911894,4.2357874444698,6.043157625148411,6.043157625148411,6.72762741762642,7.412097210104429,8.096567002582438,8.781036795060446,9.465506587538457,10.149976380016465,10.834446172494474,11.518915964972482,12.20338575745049
-8.039241750625568,-6.825484905532642,-5.611728060439717,-4.39797121534679,-3.184214370253865,-1.9704575251609393,-0.7567006800680129,0.45705616502491253,1.670813010117838,2.8845698552107635,2.8845698552107635,4.5074436580198975,6.130317460829032,7.753191263638166,9.3760650664473,10.998938869256435,12.621812672065568,14.244686474874701,15.867560277683836,17.49043408049297
-6.952500869558415,-5.854173322041319,-4.755845774524224,-3.6575182270071287,-2.559190679490033,-1.4608631319729373,-0.3625355844558422,0.7357919630612528,1.8341195105783488,2.932447058095445,2.932447058095445,6.274337276362484,9.616227494629523,12.958117712896561,16.300007931163602,19.641898149430638,22.983788367697677,26.325678585964717,29.667568804231756,33.009459022498795
-7.2700491032934,-5.965479324119388,-4.660909544945377,-3.3563397657713656,-2.051769986597354,-0.7472002074233428,0.5573695717506686,1.86193935092468,3.1665091300986914,4.471078909272703,4.471078909272703,6.213403994113186,7.955729078953669,9.698054163794152,11.440379248634635,13.182704333475119,14.925029418315603,16.667354503156083,18.409679587996568,20.15200467283705
-13.312247417710953,-11.365557672130892,-9.41886792655083,-7.472178180970769,-5.525488435390707,-3.578798689810645,-1.632108944230584,0.31458080134947863,2.2612705469295395,4.2079602925096005,4.2079602925096005,5.943051501104646,7.678142709699692,9.413233918294736,11.148325126889784,12.883416335484828,14.618507544079874,16.35359875267492,18.088689961269964,19.82378116986501
-30.8191852086721,-27.273026167482847,-23.72686712629359,-20.180708085104335,-16.634549043915083,-13.088390002725827,-9.542230961536575,-5.9960719203473225,-2.4499128791580667,1.0962461620311883,1.0962461620311883,2.524936883791785,3.9536276055523816,5.382318327312978,6.811009049073575,8.239699770834171,9.668390492594767,11.097081214355367,12.525771936115962,13.954462657876558
-19.073675517763654,-16.919994940047765,-14.76631436233188,-12.61263378461599,-10.458953206900103,-8.305272629184216,-6.151592051468327,-3.99791147375244,-1.844230896036553,0.3094496816793346,0.3094496816793346,1.4287704690179304,2.548091256356526,3.667412043695122,4.786732831033717,5.906053618372313,7.0253744057109095,8.144695193049504,9.2640159803881,10.383336767726696
-4.261656981632646,-2.8563951330092516,-1.451133284385857,-0.045871435762462553,1.3593904128609315,2.7646522614843256,4.169914110107721,5.575175958731114,6.980437807354509,8.385699655977904,8.385699655977904,10.271669800938056,12.15763994589821,14.043610090858362,15.929580235818516,17.815550380778667,19.70152052573882,21.587490670698976,23.473460815659127,25.359430960619278
-15.023835885154451,-13.044171461914289,-11.064507038674126,-9.084842615433962,-7.105178192193799,-5.1255137689536365,-3.145849345713472,-1.1661849224733096,0.8134795007668529,2.793143924007016,2.793143924007016,3.90628011019954,5.019416296392064,6.132552482584588,7.245688668777111,8.358824854969635,9.47196104116216,10.585097227354684,11.698233413547207,12.81136959973973
-5.034003325969608,-4.411368612787724,-3.7887338996058397,-3.1660991864239554,-2.5434644732420715,-1.9208297600601876,-1.2981950468783032,-0.6755603336964189,-0.05292562051453498,0.569709092667349,0.569709092667349,3.4804796030179355,6.391250113368522,9.302020623719109,12.212791134069695,15.123561644420281,18.03433215477087,20.945102665121453,23.85587317547204,26.76664368582263
4.513812085746578,4.987130138348338,5.460448190950098,5.933766243551857,6.407084296153617,6.880402348755377,7.353720401357137,7.827038453958896,8.300356506560655,8.773674559162416,8.773674559162416,11.55634350212908,14.339012445095744,17.121681388062406,19.90435033102907,22.687019273995734,25.469688216962396,28.252357159929062,31.035026102895724,33.817695045862386
-35.91239834441844,-31.75311108473235,-27.593823825046258,-23.43453656536017,-19.275249305674077,-15.115962045987985,-10.956674786301896,-6.797387526615804,-2.638100266929712,1.5211869927563784,1.5211869927563784,2.350832363441023,3.1804777341256676,4.0101231048103125,4.8397684754949575,5.669413846179602,6.4990592168642465,7.328704587548891,8.158349958233536,8.987995328918181
-18.773276240417523,-16.59089604700623,-14.408515853594935,-12.226135660183642,-10.043755466772348,-7.861375273361054,-5.678995079949761,-3.4966148865384667,-1.3142346931271724,0.8681455002841201,0.8681455002841201,3.081179885728422,5.294214271172724,7.507248656617025,9.720283042061327,11.93331742750563,14.14635181294993,16.359386198394233,18.572420583838536,20.78545496928284
-16.91379359940728,-14.862361802397546,-12.81093000538781,-10.759498208378076,-8.70806641136834,-6.656634614358605,-4.6052028173488715,-2.553771020339136,-0.5023392233294004,1.5490925736803343,1.5490925736803343,3.0608145059887857,4.572536438297237,6.0842583706056885,7.59598030291414,9.107702235222591,10.619424167531044,12.131146099839494,13.642868032147945,15.154589964456395
-0.27229472245090314,1.3409394510958916,2.9541736246426864,4.567407798189481,6.180641971736276,7.79387614528307,9.407110318829865,11.02034449237666,12.633578665923455,14.24681283947025,14.24681283947025,15.857992581690652,17.469172323911053,19.080352066131457,20.69153180835186,22.302711550572262,23.913891292792663,25.525071035013067,27.13625077723347,28.74743051945387
-19.344027648088996,-16.623916455614157,-13.903805263139317,-11.183694070664476,-8.463582878189637,-5.743471685714798,-3.023360493239956,-0.3032493007651169,2.416861891709722,5.136973084184563,5.136973084184563,6.653374123806125,8.169775163427687,9.68617620304925,11.202577242670811,12.718978282292372,14.235379321913936,15.751780361535497,17.268181401157058,18.78458244077862
-14.166814797123372,-12.538076974908432,-10.909339152693489,-9.280601330478547,-7.651863508263606,-6.023125686048665,-4.394387863833723,-2.7656500416187804,-1.1369122194038397,0.4918256028111026,0.4918256028111026,2.253490090894315,4.015154578977527,5.77681906706074,7.538483555143952,9.300148043227164,11.061812531310377,12.82347701939359,14.585141507476802,16.346805995560015
-22.97012919875444,-20.287556806141925,-17.604984413529415,-14.922412020916902,-12.239839628304388,-9.557267235691874,-6.874694843079364,-4.192122450466851,-1.5095500578543373,1.1730223347581763,1.1730223347581763,1.4330976177028,1.6931729006474237,1.9532481835920472,2.213323466536671,2.473398749481295,2.733474032425918,2.993549315370542,3.2536245983151657,3.5136998812597895
-35.26237403769832,-31.108535198271618,-26.95469635884491,-22.8008575194182,-18.647018679991497,-14.493179840564792,-10.339341001138084,-6.185502161711376,-2.031663322284672,2.122175517142036,2.122175517142036,2.538143948464308,2.9541123797865794,3.370080811108851,3.786049242431123,4.202017673753394,4.6179861050756665,5.033954536397939,5.449922967720211,5.865891399042482
-13.861549675724254,-11.339022687187704,-8.816495698651154,-6.293968710114605,-3.7714417215780554,-1.2489147330415058,1.2736122554950438,3.796139244031595,6.318666232568143,8.841193221104694,8.841193221104694,10.309291922110853,11.777390623117014,13.245489324123174,14.713588025129333,16.181686726135496,17.64978542714165,19.117884128147814,20.585982829153973,22.054081530160133
-10.383705121014398,-9.133687914897749,-7.8836707087811,-6.633653502664451,-5.383636296547802,-4.133619090431154,-2.883601884314505,-1.633584678197856,-0.38356747208120723,0.8664497340354425,0.8664497340354425,2.5577588015470036,4.249067869058565,5.940376936570126,7.631686004081687,9.322995071593247,11.014304139104809,12.70561320661637,14.396922274127931,16.088231341639492
-20.376694668925488,-17.491348291296898,-14.606001913668308,-11.720655536039716,-8.835309158411127,-5.949962780782537,-3.064616403153945,-0.17927002552535498,2.706076352103235,5.591422729731823,5.591422729731823,6.56217519106786,7.532927652403897,8.503680113739932,9.47443257507597,10.445185036412006,11.415937497748043,12.38668995908408,13.357442420420117,14.328194881756154
-19.790006115084868,-17.37729979657228,-14.96459347805969,-12.551887159547102,-10.139180841034513,-7.726474522521924,-5.313768204009335,-2.9010618854967483,-0.4883555669841577,1.9243507515284328,1.9243507515284328,3.07467539713526,4.225000042742087,5.375324688348915,6.525649333955742,7.675973979562569,8.826298625169397,9.976623270776223,11.12694791638305,12.277272561989879
-1.0354064765706426,-0.103399872162802,0.8286067322450386,1.7606133366528791,2.6926199410607197,3.6246265454685602,4.556633149876401,5.488639754284241,6.420646358692082,7.3526529630999224,7.3526529630999224,12.045988927793488,16.739324892487055,21.432660857180622,26.12599682187419,30.819332786567756,35.512668751261316,40.20600471595488,44.89934068064845,49.59267664534202
-18.867938608329535,-16.367231083779476,-13.86652355922942,-11.365816034679362,-8.865108510129303,-6.364400985579245,-3.8636934610291878,-1.3629859364791308,1.137721588070928,3.638429112620988,3.638429112620988,5.548910525805739,7.459391938990489,9.36987335217524,11.280354765359991,13.190836178544743,15.101317591729492,17.01179900491424,18.922280418098993,20.832761831283744
-9.771534864378081,-8.404197235490797,-7.036859606603511,-5.669521977716226,-4.302184348828941,-2.934846719941657,-1.5675090910543705,-0.20017146216708603,1.1671661667201985,2.5345037956074825,2.5345037956074825,4.729356262505032,6.924208729402581,9.119061196300132,11.313913663197681,13.50876613009523,15.703618596992781,17.89847106389033,20.093323530787877,22.28817599768543
-0.7603440859956478,-0.5589338863549689,-0.35752368671429,-0.15611348707361117,0.0452967125670678,0.24670691220774676,0.4481171118484255,0.6495273114891045,0.8509375111297834,1.0523477107704624,1.0523477107704624,4.230621424945436,7.40889513912041,10.587168853295383,13.765442567470357,16.943716281645333,20.121989995820304,23.300263709995278,26.478537424170252,29.656811138345226
-27.079321329926266,-23.822650489545207,-20.56597964916415,-17.309308808783094,-14.052637968402035,-10.795967128020976,-7.539296287639921,-4.282625447258862,-1.0259546068778036,2.230716233503255,2.230716233503255,3.526967159750492,4.823218085997729,6.1194690122449655,7.415719938492202,8.711970864739438,10.008221790986676,11.304472717233914,12.60072364348115,13.896974569728386
-7.082427584445248,-5.54116393259358,-3.9999002807419117,-2.458636628890244,-0.9173729770385757,0.6238906748130928,2.1651543266647595,3.706417978516428,5.247681630368096,6.788945282219765,6.788945282219765,8.86120837081832,10.933471459416875,13.005734548015429,15.077997636613983,17.150260725212537,19.222523813811094,21.294786902409648,23.3670499910082,25.439313079606755
-10.091899116966358,-8.955666136055346,-7.819433155144332,-6.683200174233319,-5.546967193322306,-4.410734212411294,-3.27450123150028,-2.1382682505892667,-1.0020352696782542,0.13419771123275814,0.13419771123275814,2.756961322660244,5.379724934087729,8.002488545515215,10.6252521569427,13.248015768370186,15.870779379797671,18.493542991225155,21.116306602652642,23.73907021408013
-13.80583514551071,-12.09781343537415,-10.389791725237588,-8.681770015101026,-6.973748304964467,-5.265726594827907,-3.5577048846913453,-1.8496831745547837,-0.14166146441822391,1.5663602457183372,1.5663602457183372,3.7013573214664874,5.836354397214638,7.9713514729627875,10.106348548710939,12.241345624459088,14.376342700207239,16.51133977595539,18.646336851703538,20.781333927451687
-15.001869027050425,-12.625208163046501,-10.248547299042578,-7.871886435038654,-5.49522557103473,-3.1185647070308065,-0.7419038430268827,1.634757020977041,4.011417884980965,6.3880787489848885,6.3880787489848885,8.365598874372417,10.343118999759943,12.32063912514747,14.298159250534997,16.275679375922525,18.25319950131005,20.230719626697578,22.208239752085106,24.185759877472634
-25.34384507804933,-22.512108541598067,-19.680372005146804,-16.84863546869554,-14.01689893224428,-11.185162395793016,-8.353425859341755,-5.5216893228904915,-2.6899527864392283,0.1417837500120362,0.1417837500120362,1.4039855228698976,2.666187295727759,3.9283890685856204,5.190590841443481,6.452792614301343,7.714994387159204,8.977196160017067,10.239397932874928,11.50159970573279
-22.938419509747707,-20.31779440005466,-17.697169290361614,-15.076544180668566,-12.45591907097552,-9.835293961282474,-7.214668851589426,-4.594043741896382,-1.9734186322033338,0.6472064774897155,0.6472064774897155,2.7095307525377916,4.771855027585868,6.8341793026339435,8.89650357768202,10.958827852730098,13.021152127778173,15.083476402826248,17.145800677874323,19.2081249529224
-19.112905030962423,-16.488869871451733,-13.86483471194104,-11.240799552430348,-8.616764392919656,-5.992729233408964,-3.368694073898272,-0.7446589143875784,1.8793762451231117,4.503411404633803,4.503411404633803,5.510706166472309,6.518000928310816,7.5252956901493215,8.532590451987828,9.539885213826334,10.54717997566484,11.554474737503346,12.561769499341853,13.569064261180358
-31.035093721244007,-27.01950074810762,-23.003907774971232,-18.988314801834846,-14.972721828698461,-10.957128855562075,-6.941535882425686,-2.925942909289301,1.0896500638470847,5.10524303698347,5.10524303698347,5.50945053027566,5.91365802356785,6.31786551686004,6.722073010152229,7.12628050344442,7.53048799673661,7.934695490028799,8.338902983320988,8.743110476613179
-0.9138026061476445,1.197437084469128,3.3086767750859005,5.4199164657026735,7.531156156319446,9.642395846936218,11.753635537552992,13.864875228169764,15.976114918786536,18.08735460940331,18.08735460940331,20.306315644598907,22.5252766797945,24.7442377149901,26.963198750185697,29.18215978538129,31.40112082057689,33.62008185577248,35.83904289096808,38.05800392616368
-25.217142217679957,-22.031753770043476,-18.846365322406996,-15.660976874770514,-12.475588427134033,-9.290199979497553,-6.1048115318610705,-2.91942308422459,0.26596536341189037,3.45135381104837,3.45135381104837,4.95732838978731,6.46330296852625,7.96927754726519,9.47525212600413,10.981226704743069,12.487201283482012,13.993175862220951,15.499150440959891,17.00512501969883
-36.04820241364296,-31.887216278669356,-27.726230143695748,-23.56524400872214,-19.404257873748534,-15.24327173877493,-11.08228560380132,-6.921299468827712,-2.760313333854107,1.4006728011194995,1.4006728011194995,2.2690317515943734,3.1373907020692475,4.005749652544122,4.874108603018995,5.74246755349387,6.6108265039687435,7.479185454443618,8.34754440491849,9.215903355393365
-27.148552343568433,-24.10040734553483,-21.05226234750123,-18.004117349467627,-14.955972351434026,-11.907827353400425,-8.859682355366822,-5.811537357333222,-2.763392359299619,0.28475263873398565,0.28475263873398565,3.082571098453851,5.880389558173716,8.678208017893581,11.476026477613447,14.273844937333312,17.071663397053175,19.869481856773042,22.667300316492906,25.46511877621277
-31.549345809332525,-28.002785966209135,-24.45622612308574,-20.90966627996235,-17.36310643683896,-13.816546593715572,-10.269986750592178,-6.723426907468788,-3.176867064345398,0.3696927787779934,0.3696927787779934,1.0014244065834106,1.6331560343888278,2.264887662194245,2.8966192899996623,3.5283509178050796,4.160082545610497,4.791814173415915,5.423545801221332,6.055277429026749
-24.26807548197269,-21.416684622970877,-18.565293763969066,-15.713902904967252,-12.862512045965438,-10.011121186963624,-7.159730327961814,-4.30833946896,-1.4569486099581859,1.3944422490436288,1.3944422490436288,3.393204201214215,5.391966153384801,7.390728105555387,9.389490057725972,11.388252009896558,13.387013962067144,15.38577591423773,17.384537866408316,19.3832998185789
