0,1,2,3,4,5,6,7,8,9,10,11,12,13,14,15,16,17,18,19
0.8419803775744144,1.1093878850144197,1.376795392454425,1.6442028998944302,1.9116104073344355,2.179017914774441,2.446425422214446,2.713832929654451,2.9812404370944567,3.248647944534462,3.248647944534462,4.184697091543188,5.120746238551915,6.056795385560641,6.992844532569368,7.928893679578094,8.864942826586821,9.800991973595547,10.737041120604275,11.673090267613
-2.891016839774679,-2.5173262394944023,-2.1436356392141254,-1.7699450389338485,-1.3962544386535716,-1.0225638383732947,-0.6488732380930178,-0.2751826378127409,0.09850796246753601,0.47219856274781274,0.47219856274781274,1.3344206645937722,2.196642766439732,3.0588648682856916,3.921086970131651,4.78330907197761,5.64553117382357,6.507753275669529,7.369975377515488,8.232197479361448
-2.8327765181051316,-2.2192527606850496,-1.6057290032649678,-0.992205245844886,-0.378681488424804,0.23484226899527805,0.8483660264153596,1.4618897838354417,2.0754135412555237,2.6889372986756057,2.6889372986756057,3.386389712977235,4.083842127278864,4.781294541580493,5.478746955882122,6.176199370183751,6.87365178448538,7.57110419878701,8.268556613088638,8.966009027390268
1.9087851393129824,2.188837879922345,2.468890620531708,2.748943361141071,3.0289961017504337,3.3090488423597963,3.5891015829691595,3.869154323578522,4.149207064187885,4.429259804797248,4.429259804797248,5.290571633355966,6.151883461914684,7.013195290473401,7.8745071190321205,8.735818947590838,9.597130776149555,10.458442604708274,11.319754433266993,12.18106626182571
0.4851256635142649,0.8403338962145726,1.1955421289148802,1.5507503616151876,1.9059585943154953,2.2611668270158027,2.6163750597161104,2.971583292416418,3.3267915251167257,3.6819997578170334,3.6819997578170334,4.508486825259835,5.334973892702637,6.161460960145438,6.9879480275882395,7.814435095031041,8.640922162473842,9.467409229916644,10.293896297359446,11.120383364802247
4.528938850302749,4.873937735465949,5.218936620629149,5.563935505792349,5.908934390955549,6.253933276118749,6.598932161281948,6.943931046445148,7.288929931608348,7.633928816771548,7.633928816771548,8.4032839062216,9.172638995671651,9.941994085121703,10.711349174571755,11.480704264021805,12.250059353471856,13.019414442921907,13.788769532371958,14.55812462182201
0.6615682546073964,1.3592894548676573,2.057010655127918,2.7547318553881794,3.4524530556484403,4.150174255908701,4.8478954561689624,5.545616656429223,6.243337856689484,6.9410590569497455,6.9410590569497455,7.800641354250291,8.660223651550837,9.519805948851383,10.379388246151928,11.238970543452474,12.098552840753019,12.958135138053565,13.817717435354112,14.677299732654657
0.05080337229303655,0.6148695807348397,1.1789357891766428,1.7430019976184459,2.307068206060249,2.871134414502052,3.435200622943855,3.9992668313856585,4.563333039827461,5.127399248269264,5.127399248269264,6.452347475791887,7.777295703314509,9.102243930837131,10.427192158359755,11.752140385882377,13.077088613405,14.402036840927622,15.726985068450244,17.051933295972866
1.4309267818396718,1.5466345603569216,1.6623423388741714,1.778050117391421,1.8937578959086707,2.0094656744259205,2.1251734529431703,2.24088123146042,2.35658900997767,2.4722967884949196,2.4722967884949196,3.024328749630188,3.576360710765456,4.128392671900724,4.680424633035992,5.232456594171261,5.784488555306529,6.336520516441797,6.888552477577065,7.440584438712334
4.327104366301759,4.570016481670891,4.812928597040022,5.055840712409153,5.2987528277782845,5.541664943147416,5.784577058516548,6.027489173885678,6.27040128925481,6.513313404623942,6.513313404623942,7.306104752611049,8.098896100598157,8.891687448585266,9.684478796572375,10.477270144559483,11.27006149254659,12.062852840533699,12.855644188520806,13.648435536507915
-4.828290060581002,-3.8998568972907472,-2.971423734000492,-2.0429905707102374,-1.1145574074199822,-0.1861242441297275,0.7423089191605277,1.6707420824507828,2.599175245741038,3.5276084090312927,3.5276084090312927,4.057663992018481,4.5877195750056705,5.11777515799286,5.647830740980048,6.177886323967236,6.707941906954426,7.237997489941614,7.768053072928803,8.298108655915993
-16.138301172633444,-14.058017743678972,-11.9777343147245,-9.897450885770029,-7.817167456815557,-5.736884027861086,-3.656600598906614,-1.5763171699521425,0.503966259002329,2.584249687956799,2.584249687956799,3.245105319254682,3.9059609505525645,4.566816581850447,5.22767221314833,5.888527844446213,6.549383475744095,7.2102391070419785,7.8710947383398615,8.531950369637745
-5.573384070130585,-4.691623362178679,-3.809862654226773,-2.9281019462748668,-2.046341238322961,-1.1645805303710546,-0.2828198224191487,0.5989408855327572,1.480701593484663,2.3624623014365684,2.3624623014365684,2.7333708121366143,3.1042793228366596,3.4751878335367055,3.8460963442367513,4.217004854936796,4.587913365636842,4.958821876336888,5.329730387036934,5.7006388977369795
-2.072439075093463,-0.9437573335783078,0.1849244079368475,1.3136061494520028,2.442287890967158,3.5709696324823135,4.699651373997469,5.828333115512624,6.957014857027779,8.085696598542935,8.085696598542935,9.26561178240978,10.445526966276624,11.625442150143467,12.805357334010314,13.985272517877156,15.165187701744001,16.345102885610846,17.52501806947769,18.704933253344535
-0.8579398733546588,-0.49658113792506364,-0.13522240249546846,0.22613633293412683,0.5874950683637219,0.948853803793317,1.3102125392229125,1.6715712746525075,2.0329300100821026,2.3942887455116977,2.3942887455116977,3.209909573168315,4.025530400824932,4.84115122848155,5.656772056138167,6.472392883794784,7.288013711451402,8.10363453910802,8.919255366764636,9.734876194421254
4.463423703398838,4.7735617008668525,5.083699698334867,5.393837695802881,5.703975693270895,6.01411369073891,6.324251688206924,6.634389685674938,6.944527683142952,7.254665680610966,7.254665680610966,9.164885394314373,11.075105108017782,12.98532482172119,14.895544535424598,16.805764249128003,18.715983962831412,20.62620367653482,22.536423390238227,24.446643103941636
-7.3197737658845785,-6.378733448477648,-5.437693131070719,-4.49665281366379,-3.5556124962568596,-2.6145721788499294,-1.6735318614430001,-0.7324915440360709,0.2085487733708593,1.1495890907777893,1.1495890907777893,1.7677387159358466,2.385888341093904,3.0040379662519614,3.622187591410019,4.240337216568077,4.858486841726133,5.476636466884191,6.0947860920422485,6.712935717200306
-17.0869792812523,-15.169394508693292,-13.251809736134282,-11.334224963575274,-9.416640191016263,-7.499055418457255,-5.581470645898246,-3.663885873339236,-1.7463011007802276,0.1712836717787825,0.1712836717787825,1.7374750942658839,3.3036665167529855,4.869857939240087,6.436049361727188,8.002240784214289,9.568432206701392,11.134623629188493,12.700815051675594,14.267006474162695
2.6913438142875217,3.3108835304644497,3.930423246641378,4.549962962818307,5.169502678995235,5.789042395172163,6.408582111349091,7.02812182752602,7.647661543702948,8.267201259879876,8.267201259879876,8.90590431182553,9.544607363771187,10.183310415716841,10.822013467662497,11.460716519608152,12.099419571553806,12.738122623499462,13.376825675445119,14.015528727390773
0.03570895801058782,0.7100907217457683,1.3844724854809487,2.0588542492161293,2.7332360129513096,3.40761777668649,4.081999540421671,4.756381304156851,5.430763067892031,6.105144831627212,6.105144831627212,8.314150619657372,10.523156407687534,12.732162195717693,14.941167983747853,17.150173771778014,19.359179559808176,21.568185347838334,23.777191135868495,25.986196923898657
3.6383415240785,4.608211173435221,5.578080822791941,6.547950472148661,7.517820121505381,8.4876897708621,9.457559420218821,10.427429069575542,11.397298718932262,12.367168368288983,12.367168368288983,13.778551928774942,15.1899354892609,16.601319049746856,18.012702610232814,19.424086170718773,20.835469731204732,22.24685329169069,23.65823685217665,25.06962041266261
1.9909546731347332,2.8307310227739917,3.67050737241325,4.510283722052508,5.350060071691766,6.189836421331025,7.029612770970283,7.869389120609542,8.7091654702488,9.548941819888059,9.548941819888059,10.042977164533186,10.537012509178314,11.031047853823441,11.525083198468568,12.019118543113697,12.513153887758824,13.007189232403952,13.50122457704908,13.995259921694206
-2.9397921876513173,-1.9334779316376893,-0.9271636756240613,0.0791505803895669,1.0854648364031947,2.0917790924168225,3.098093348430451,4.104407604444079,5.110721860457707,6.1170361164713345,6.1170361164713345,6.570973579101225,7.024911041731117,7.478848504361007,7.932785966990898,8.386723429620789,8.84066089225068,9.29459835488057,9.748535817510461,10.202473280140353
-2.8118924416031197,-1.987964023807265,-1.1640356060114103,-0.34010718821555574,0.48382122958029905,1.3077496473761538,2.131678065172008,2.9556064829678634,3.779534900763718,4.603463318559572,4.603463318559572,5.405324600195256,6.207185881830941,7.009047163466626,7.81090844510231,8.612769726737994,9.414631008373679,10.216492290009363,11.018353571645047,11.820214853280731
-6.603072687034433,-5.767369262396449,-4.931665837758464,-4.09596241312048,-3.2602589884824957,-2.4245555638445113,-1.5888521392065273,-0.7531487145685425,0.08255471006944148,0.9182581347074251,0.9182581347074251,2.4306695719128917,3.943081009118358,5.455492446323825,6.967903883529291,8.480315320734757,9.992726757940224,11.50513819514569,13.017549632351157,14.529961069556624
8.894596055583065,9.698718620008313,10.502841184433558,11.306963748858806,12.111086313284053,12.9152088777093,13.719331442134546,14.523454006559794,15.327576570985041,16.131699135410287,16.131699135410287,17.100645715413982,18.069592295417678,19.038538875421374,20.00748545542507,20.976432035428765,21.94537861543246,22.914325195436156,23.88327177543985,24.852218355443547
10.37304705046217,11.013593331222106,11.654139611982043,12.29468589274198,12.935232173501916,13.575778454261851,14.216324735021788,14.856871015781724,15.497417296541661,16.137963577301598,16.137963577301598,16.811879101768255,17.485794626234917,18.159710150701574,18.833625675168236,19.507541199634893,20.18145672410155,20.855372248568212,21.529287773034874,22.20320329750153
-7.960025703207036,-7.047352862072456,-6.134680020937876,-5.222007179803295,-4.309334338668716,-3.3966614975341365,-2.483988656399556,-1.5713158152649758,-0.6586429741303963,0.2540298670041828,0.2540298670041828,0.4739460001052904,0.693862133206398,0.9137782663075056,1.1336943994086133,1.3536105325097207,1.5735266656108284,1.793442798711936,2.013358931813044,2.2332750649141513
-4.597565781116698,-3.5406608288734036,-2.4837558766301093,-1.426850924386815,-0.36994597214352076,0.6869589800997735,1.7438639323430678,2.800768884586362,3.8576738368296564,4.9145787890729515,4.9145787890729515,5.342337767455935,5.770096745838918,6.197855724221901,6.625614702604885,7.0533736809878675,7.481132659370851,7.908891637753834,8.336650616136819,8.764409594519801
-5.055050255671782,-4.1413444130402395,-3.227638570408697,-2.313932727777155,-1.4002268851456123,-0.48652104251407025,0.4271848001174723,1.3408906427490148,2.2545964853805573,3.1683023280121,3.1683023280121,3.900985644784318,4.633668961556536,5.366352278328755,6.099035595100972,6.831718911873191,7.564402228645409,8.297085545417627,9.029768862189844,9.762452178962063
-8.374351509805752,-7.297438726017682,-6.220525942229612,-5.143613158441541,-4.066700374653471,-2.989787590865401,-1.9128748070773298,-0.8359620232892597,0.24095076049881037,1.3178635442868818,1.3178635442868818,1.888730363793222,2.4595971832995622,3.0304640028059024,3.6013308223122427,4.172197641818583,4.7430644613249235,5.313931280831263,5.884798100337603,6.455664919843944
-6.4642669623272155,-4.839921683565379,-3.215576404803542,-1.5912311260417047,0.03311415272013196,1.6574594314819695,3.281804710243806,4.906149989005643,6.5304952677674795,8.154840546529316,8.154840546529316,8.738023377745053,9.32120620896079,9.904389040176527,10.487571871392262,11.070754702608,11.653937533823736,12.237120365039473,12.82030319625521,13.403486027470947
15.5533107752668,16.057447886619123,16.561584997971448,17.065722109323772,17.569859220676097,18.073996332028422,18.578133443380743,19.082270554733068,19.586407666085393,20.090544777437717,20.090544777437717,20.718973377830853,21.347401978223992,21.975830578617128,22.604259179010263,23.232687779403403,23.861116379796538,24.489544980189677,25.117973580582813,25.74640218097595
-0.4847471744345482,0.020348709072545823,0.5254445925796398,1.0305404760867338,1.5356363595938278,2.040732243100922,2.545828126608016,3.05092401011511,3.556019893622204,4.061115777129298,4.061115777129298,4.969875654519084,5.87863553190887,6.787395409298656,7.696155286688443,8.604915164078228,9.513675041468016,10.4224349188578,11.331194796247587,12.239954673637374
-1.4896298843235858,-0.38883647089621665,0.7119569425311525,1.8127503559585216,2.9135437693858908,4.01433718281326,5.115130596240629,6.215924009667998,7.316717423095367,8.417510836522737,8.417510836522737,9.064060566827164,9.710610297131591,10.357160027436018,11.003709757740445,11.650259488044874,12.296809218349301,12.943358948653728,13.589908678958155,14.236458409262582
7.291732868904957,7.852541837761355,8.413350806617753,8.974159775474151,9.534968744330548,10.095777713186946,10.656586682043343,11.217395650899741,11.778204619756139,12.339013588612536,12.339013588612536,13.04305395574885,13.747094322885165,14.451134690021478,15.155175057157791,15.859215424294105,16.563255791430418,17.267296158566733,17.971336525703045,18.67537689283936
-3.7529886802055517,-3.2687927660996254,-2.784596851993699,-2.3004009378877726,-1.8162050237818466,-1.3320091096759201,-0.8478131955699939,-0.3636172814640677,0.12057863264185853,0.6047745467477849,0.6047745467477849,1.2784655855177092,1.9521566242876331,2.6258476630575576,3.2995387018274815,3.9732297405974055,4.64692077936733,5.320611818137254,5.994302856907178,6.667993895677102
12.12484667395368,13.18874806807108,14.25264946218848,15.316550856305877,16.38045225042328,17.444353644540676,18.508255038658078,19.572156432775476,20.636057826892873,21.699959221010275,21.699959221010275,22.36867645285684,23.037393684703403,23.706110916549964,24.374828148396528,25.043545380243092,25.712262612089656,26.380979843936217,27.04969707578278,27.718414307629345
3.2032055782055746,4.255800424088581,5.308395269971587,6.360990115854594,7.4135849617376,8.466179807620605,9.518774653503613,10.57136949938662,11.623964345269625,12.676559191152633,12.676559191152633,13.624262761473048,14.571966331793464,15.519669902113879,16.467373472434296,17.41507704275471,18.362780613075124,19.31048418339554,20.25818775371596,21.205891324036372
-4.918064719767946,-4.246894907134266,-3.5757250945005845,-2.9045552818669043,-2.2333854692332236,-1.5622156565995429,-0.8910458439658626,-0.21987603133218148,0.4512937813014988,1.1224635939351792,1.1224635939351792,2.464833759235022,3.807203924534865,5.149574089834708,6.491944255134551,7.834314420434394,9.176684585734238,10.51905475103408,11.861424916333924,13.203795081633766
-4.481797976921163,-3.584143779133767,-2.686489581346371,-1.7888353835589754,-0.8911811857715795,0.006473012015816515,0.904127209803212,1.8017814075906085,2.699435605378004,3.5970898031654,3.5970898031654,4.240880134630548,4.884670466095697,5.528460797560845,6.172251129025994,6.816041460491142,7.45983179195629,8.103622123421438,8.747412454886588,9.391202786351736
2.9284374261480894,3.2944426740127213,3.6604479218773536,4.026453169741986,4.392458417606617,4.758463665471249,5.124468913335882,5.490474161200513,5.856479409065145,6.222484656929777,6.222484656929777,7.011293879812145,7.8001031026945125,8.588912325576882,9.377721548459249,10.166530771341616,10.955339994223984,11.744149217106353,12.532958439988722,13.321767662871089
-3.2649243280537044,-2.6985313242214195,-2.132138320389135,-1.5657453165568502,-0.9993523127245654,-0.4329593088922805,0.1334336949400039,0.6998266987722888,1.2662197026045736,1.832612706436858,1.832612706436858,3.372307252337013,4.912001798237168,6.451696344137323,7.9913908900374775,9.531085435937634,11.070779981837788,12.610474527737944,14.150169073638098,15.689863619538253
-5.796595089159221,-5.104321391850339,-4.412047694541457,-3.7197739972325747,-3.027500299923693,-2.335226602614811,-1.6429529053059282,-0.9506792079970463,-0.2584055106881644,0.4338681866207175,0.4338681866207175,1.662320765934918,2.8907733452491184,4.119225924563319,5.347678503877519,6.57613108319172,7.80458366250592,9.03303624182012,10.261488821134321,11.489941400448522
-8.260708232839756,-7.308894957585158,-6.357081682330561,-5.405268407075964,-4.453455131821366,-3.501641856566769,-2.5498285813121715,-1.5980153060575741,-0.6462020308029768,0.3056112444516211,0.3056112444516211,1.2803609658811659,2.2551106873107107,3.229860408740256,4.204610130169801,5.1793598515993455,6.154109573028891,7.128859294458436,8.10360901588798,9.078358737317524
-12.024001634667187,-10.534899465437809,-9.04579729620843,-7.5566951269790525,-6.0675929577496746,-4.578490788520297,-3.0893886192909186,-1.6002864500615406,-0.11118428083216259,1.3779178883972152,1.3779178883972152,2.5958577788330124,3.8137976692688094,5.031737559704607,6.249677450140404,7.467617340576202,8.685557231011998,9.903497121447796,11.121437011883593,12.33937690231939
-1.5446599261497678,-1.3079891722577095,-1.071318418365651,-0.8346476644735926,-0.5979769105815342,-0.36130615668947597,-0.12463540279741747,0.11203535109464102,0.3487061049866993,0.5853768588787575,0.5853768588787575,2.8505912882300115,5.1158057175812655,7.38102014693252,9.646234576283772,11.911449005635026,14.176663434986281,16.441877864337535,18.70709229368879,20.97230672304004
-23.344825036608768,-20.176795711273336,-17.008766385937907,-13.840737060602477,-10.672707735267046,-7.504678409931616,-4.336649084596186,-1.168619759260757,1.9994095660746751,5.167438891410103,5.167438891410103,6.520412325778127,7.873385760146151,9.226359194514174,10.579332628882199,11.932306063250223,13.285279497618248,14.638252931986273,15.991226366354297,17.344199800722322
-6.627160318914051,-5.74566948101625,-4.86417864311845,-3.98268780522065,-3.1011969673228497,-2.2197061294250497,-1.3382152915272494,-0.456724453629449,0.42476638426835134,1.3062572221661515,1.3062572221661515,2.4100532288975076,3.5138492356288644,4.61764524236022,5.721441249091577,6.825237255822933,7.92903326255429,9.032829269285646,10.136625276017002,11.240421282748358
-6.002683138994847,-4.979935214628053,-3.9571872902612597,-2.934439365894466,-1.9116914415276725,-0.8889435171608788,0.1338044072059148,1.1565523315727084,2.179300255939502,3.202048180306296,3.202048180306296,3.8559443463642156,4.5098405124221355,5.1637366784800545,5.817632844537974,6.471529010595894,7.125425176653813,7.779321342711732,8.433217508769653,9.087113674827572
-4.758151010138285,-3.9566753535630905,-3.1551996969878964,-2.353724040412702,-1.5522483838375076,-0.750772727262313,0.05070292931288112,0.8521785858880753,1.6536542424632694,2.4551298990384636,2.4551298990384636,4.298731999632253,6.142334100226042,7.985936200819831,9.82953830141362,11.673140402007409,13.516742502601197,15.360344603194989,17.203946703788777,19.047548804382565
-3.759769155073969,-2.7021447473983082,-1.6445203397226478,-0.5868959320469873,0.4707284756286736,1.5283528833043345,2.5859772909799945,3.6436016986556554,4.701226106331316,5.758850514006977,5.758850514006977,6.422902721977043,7.086954929947109,7.751007137917174,8.41505934588724,9.079111553857306,9.743163761827372,10.407215969797438,11.071268177767504,11.73532038573757
-21.499427245605908,-18.71957632450912,-15.939725403412332,-13.159874482315542,-10.380023561218755,-7.600172640121967,-4.820321719025177,-2.040470797928389,0.7393801231683987,3.5192310442651857,3.5192310442651857,5.040130164281537,6.561029284297888,8.08192840431424,9.602827524330591,11.123726644346942,12.644625764363294,14.165524884379646,15.686424004395995,17.207323124412348
-5.646420389303488,-4.1461494270558505,-2.645878464808213,-1.1456075025605754,0.35466345968706214,1.8549344219346997,3.3552053841823373,4.855476346429976,6.355747308677612,7.856018270925251,7.856018270925251,8.56391126302019,9.271804255115127,9.979697247210066,10.687590239305003,11.395483231399941,12.10337622349488,12.811269215589817,13.519162207684754,14.227055199779693
-4.730014097966032,-3.860100018400783,-2.990185938835534,-2.1202718592702854,-1.2503577797050363,-0.38044370013978757,0.48947037942546157,1.3593844589907107,2.22929853855596,3.099212618121209,3.099212618121209,4.20471164045979,5.310210662798371,6.415709685136953,7.521208707475534,8.626707729814115,9.732206752152695,10.837705774491278,11.943204796829859,13.04870381916844
-11.871697217016726,-10.218100729030889,-8.564504241045052,-6.910907753059215,-5.257311265073378,-3.603714777087541,-1.9501182891017041,-0.29652180111586723,1.3570746868699697,3.010671174855807,3.010671174855807,3.4819310990947456,3.9531910233336847,4.424450947572623,4.895710871811562,5.3669707960505,5.83823072028944,6.309490644528378,6.780750568767317,7.252010493006255
-3.675800290595232,-2.598818655576272,-1.521837020557312,-0.4448553855383519,0.6321262494806081,1.7091078844995682,2.7860895195185282,3.8630711545374883,4.940052789556448,6.017034424575408,6.017034424575408,6.707135358762729,7.3972362929500495,8.087337227137368,8.777438161324689,9.46753909551201,10.15764002969933,10.84774096388665,11.537841898073971,12.227942832261292
4.276232876096183,4.781227987909179,5.286223099722174,5.791218211535169,6.296213323348164,6.8012084351611595,7.306203546974155,7.81119865878715,8.316193770600146,8.821188882413141,8.821188882413141,10.720553172323413,12.619917462233685,14.519281752143957,16.41864604205423,18.3180103319645,20.217374621874775,22.11673891178505,24.01610320169532,25.915467491605593
-14.32342679817813,-12.293611432492096,-10.263796066806062,-8.233980701120029,-6.204165335433995,-4.174349969747961,-2.1445346040619278,-0.11471923837589415,1.9150961273101395,3.944911492996174,3.944911492996174,5.247290043914391,6.549668594832608,7.8520471457508245,9.15442569666904,10.456804247587257,11.759182798505474,13.061561349423691,14.363939900341908,15.666318451260125
-11.478817516022854,-10.096491997526986,-8.714166479031118,-7.331840960535251,-5.949515442039383,-4.5671899235435145,-3.184864405047648,-1.8025388865517797,-0.4202133680559115,0.962112150439957,0.962112150439957,1.2278794930444885,1.49364683564902,1.7594141782535515,2.025181520858083,2.2909488634626145,2.5567162060671462,2.8224835486716775,3.0882508912762088,3.3540182338807405
-10.109043366906599,-8.870478644380642,-7.631913921854683,-6.393349199328725,-5.154784476802767,-3.91621975427681,-2.6776550317508514,-1.439090309224893,-0.2005255866989355,1.0380391358270227,1.0380391358270227,1.5842475222095684,2.1304559085921144,2.6766642949746604,3.222872681357206,3.7690810677397524,4.315289454122298,4.8614978405048435,5.40770622688739,5.953914613269935
-3.3737716891879916,-2.9372430679029273,-2.500714446617863,-2.064185825332799,-1.6276572040477348,-1.1911285827626705,-0.7545999614776067,-0.31807134019254235,0.11845728109252196,0.5549859023775862,0.5549859023775862,1.727246860813037,2.8995078192484876,4.071768777683938,5.244029736119389,6.4162906945548395,7.58855165299029,8.76081261142574,9.933073569861191,11.105334528296643
-9.594620267923299,-8.519696620824082,-7.444772973724865,-6.369849326625648,-5.294925679526431,-4.220002032427214,-3.145078385327997,-2.07015473822878,-0.995231091129563,0.07969255596965397,0.07969255596965397,2.191176279166745,4.302660002363836,6.414143725560926,8.525627448758017,10.637111171955109,12.748594895152198,14.86007861834929,16.97156234154638,19.08304606474347
-0.38217323800457237,0.13669405967608972,0.6555613573567518,1.174428655037414,1.693295952718076,2.212163250398738,2.7310305480794,3.2498978457600622,3.7687651434407243,4.287632441121386,4.287632441121386,6.327766822258954,8.36790120339652,10.40803558453409,12.448169965671656,14.488304346809226,16.528438727946792,18.56857310908436,20.608707490221928,22.648841871359494
-3.1918631442779843,-2.606305340094181,-2.0207475359103784,-1.4351897317265752,-0.849631927542772,-0.26407412335896874,0.32148368082483403,0.9070414850086377,1.4925992891924404,2.078157093376243,2.078157093376243,3.6383621966336697,5.198567299891096,6.758772403148523,8.318977506405949,9.879182609663376,11.439387712920801,12.999592816178227,14.559797919435654,16.12000302269308
-1.9782756661602345,-1.2764387733771692,-0.5746018805941038,0.1272350121889616,0.829071904972027,1.5309087977550924,2.2327456905381577,2.934582583321223,3.6364194761042885,4.338256368887354,4.338256368887354,5.540063727128834,6.741871085370315,7.9436784436117955,9.145485801853276,10.347293160094758,11.549100518336237,12.750907876577717,13.952715234819198,15.154522593060678
-18.967081476767813,-16.830519242091402,-14.69395700741499,-12.55739477273858,-10.420832538062168,-8.284270303385757,-6.1477080687093455,-4.011145834032934,-1.874583599356523,0.26197863531988674,0.26197863531988674,1.7234947782106793,3.1850109211014717,4.646527063992265,6.108043206883057,7.569559349773849,9.031075492664643,10.492591635555435,11.954107778446227,13.41562392133702
-21.344921260738374,-18.916180911601938,-16.4874405624655,-14.058700213329063,-11.629959864192626,-9.20121951505619,-6.772479165919751,-4.343738816783315,-1.9149984676468783,0.5137418814895582,0.5137418814895582,1.493377275280986,2.4730126690724137,3.452648062863841,4.432283456655269,5.411918850446697,6.391554244238124,7.371189638029552,8.35082503182098,9.330460425612408
-14.373369866279667,-12.627409955740292,-10.881450045200918,-9.135490134661545,-7.38953022412217,-5.643570313582796,-3.897610403043423,-2.1516504925040483,-0.40569058196467367,1.3402693285747016,1.3402693285747016,1.9378217564307163,2.535374184286731,3.1329266121427457,3.7304790399987606,4.3280314678547755,4.92558389571079,5.5231363235668045,6.120688751422819,6.718241179278834
-8.617038231407006,-7.577410853362957,-6.537783475318907,-5.498156097274857,-4.458528719230808,-3.418901341186758,-2.3792739631427082,-1.3396465850986585,-0.3000192070546088,0.7396081709894416,0.7396081709894416,2.299731348716471,3.8598545264435002,5.419977704170529,6.980100881897559,8.540224059624588,10.100347237351617,11.660470415078647,13.220593592805676,14.780716770532704
-9.92638222233547,-8.585928244521691,-7.245474266707911,-5.905020288894132,-4.564566311080353,-3.2241123332665733,-1.8836583554527948,-0.5432043776390145,0.797249600174764,2.1377035779885416,2.1377035779885416,3.198329753136801,4.25895592828506,5.319582103433319,6.380208278581579,7.440834453729838,8.501460628878096,9.562086804026357,10.622712979174615,11.683339154322876
-12.767095862548032,-11.139450144278296,-9.511804426008561,-7.884158707738825,-6.25651298946909,-4.628867271199354,-3.001221552929618,-1.3735758346598832,0.25406988360985316,1.881715601879589,1.881715601879589,2.2687111124687203,2.655706623057852,3.0427021336469835,3.4296976442361147,3.816693154825246,4.2036886654143775,4.590684176003508,4.977679686592641,5.364675197181771
-0.9046636528399343,-0.6982113969816993,-0.4917591411234643,-0.2853068852652293,-0.07885462940699428,0.12759762645124084,0.33404988230947574,0.5405021381677106,0.7469543940259458,0.9534066498841807,0.9534066498841807,2.2411445694552707,3.52888248902636,4.81662040859745,6.10435832816854,7.392096247739629,8.67983416731072,9.96757208688181,11.2553100064529,12.54304792602399
-10.40937995610361,-9.13907403223198,-7.868768108360351,-6.598462184488721,-5.328156260617091,-4.057850336745462,-2.7875444128738316,-1.517238489002203,-0.2469325651305727,1.0233733587410574,1.0233733587410574,1.8245803400468241,2.6257873213525906,3.4269943026583576,4.228201283964124,5.029408265269891,5.8306152465756576,6.631822227881424,7.433029209187191,8.234236190492958
-11.28663850151245,-10.028316162389576,-8.7699938232667,-7.511671484143827,-6.253349145020953,-4.995026805898078,-3.7367044667752047,-2.4783821276523295,-1.220059788529456,0.0382625505934172,0.0382625505934172,0.7684660717633599,1.4986695929333025,2.228873114103245,2.959076635273188,3.6892801564431306,4.419483677613074,5.149687198783017,5.879890719952959,6.610094241122901
-28.838746695690936,-25.435316972942086,-22.031887250193236,-18.62845752744439,-15.225027804695538,-11.82159808194669,-8.41816835919784,-5.014738636448989,-1.6113089137001388,1.7921208090487113,1.7921208090487113,2.6868516625872516,3.581582516125792,4.476313369664332,5.371044223202873,6.265775076741413,7.160505930279953,8.055236783818494,8.949967637357034,9.844698490895574
2.148118119986347,2.338412613193102,2.528707106399857,2.719001599606612,2.909296092813367,3.0995905860201223,3.2898850792268775,3.4801795724336326,3.670474065640388,3.860768558847143,3.860768558847143,5.6239660173363335,7.387163475825524,9.150360934314715,10.913558392803905,12.676755851293096,14.439953309782286,16.203150768271477,17.966348226760665,19.729545685249857
-3.2511290975984513,-2.504121304148798,-1.7571135106991453,-1.0101057172494925,-0.26309792379983943,0.48390986964981364,1.2309176630994663,1.9779254565491198,2.7249332499987724,3.471941043448425,3.471941043448425,4.305590892169187,5.1392407408899485,5.97289058961071,6.806540438331472,7.640190287052233,8.473840135772996,9.307489984493756,10.141139833214519,10.97478968193528
-5.8698214125317545,-4.760936052480684,-3.6520506924296123,-2.5431653323785413,-1.4342799723274702,-0.32539461227639954,0.783490747774672,1.8923761078257435,3.001261467876814,4.110146827927885,4.110146827927885,4.607723816191342,5.105300804454799,5.602877792718256,6.100454780981713,6.59803176924517,7.095608757508627,7.593185745772084,8.090762734035541,8.588339722298999
-6.821320011560606,-5.424553967377824,-4.02778792319504,-2.631021879012258,-1.2342558348294759,0.1625102093533064,1.5592762535360896,2.956042297718871,4.352808341901654,5.749574386084437,5.749574386084437,6.323339947535064,6.89710550898569,7.470871070436317,8.044636631886943,8.61840219333757,9.192167754788196,9.765933316238822,10.339698877689449,10.913464439140075
-9.980126983808688,-8.545039065371634,-7.109951146934581,-5.674863228497528,-4.239775310060474,-2.8046873916234203,-1.3695994731863674,0.06548844525068631,1.50057636368774,2.9356642821247947,2.9356642821247947,3.8391886202094723,4.742712958294151,5.646237296378828,6.549761634463506,7.4532859725481835,8.356810310632863,9.260334648717539,10.163858986802218,11.067383324886894
-11.34105437190623,-9.72388443384098,-8.10671449577573,-6.489544557710479,-4.872374619645228,-3.2552046815799773,-1.6380347435147282,-0.02086480544947733,1.5963051326157736,3.213475070681024,3.213475070681024,3.41836147071607,3.623247870751116,3.828134270786162,4.033020670821208,4.237907070856254,4.4427934708913,4.647679870926346,4.852566270961392,5.0574526709964385
-7.800889175900336,-6.702550670040038,-5.6042121641797396,-4.505873658319441,-3.4075351524591433,-2.3091966465988456,-1.210858140738547,-0.11251963487824845,0.9858188709820492,2.0841573768423474,2.0841573768423474,3.925225415743813,5.766293454645279,7.607361493546744,9.448429532448209,11.289497571349674,13.130565610251141,14.971633649152606,16.812701688054073,18.653769726955538
-0.5195682627119069,-0.16159838489792827,0.19637149291605038,0.5543413707300291,0.9123112485440077,1.2702811263579863,1.628251004171965,1.9862208819859437,2.3441907597999223,2.702160637613901,2.702160637613901,3.9527835329680343,5.203406428322168,6.454029323676301,7.704652219030434,8.955275114384568,10.205898009738702,11.456520905092834,12.707143800446968,13.957766695801102
2.804786016071886,3.0600372315231654,3.315288446974445,3.570539662425724,3.8257908778770036,4.081042093328283,4.336293308779562,4.591544524230842,4.846795739682121,5.1020469551334005,5.1020469551334005,6.93334281926094,8.76463868338848,10.595934547516018,12.427230411643556,14.258526275771096,16.089822139898637,17.921118004026173,19.752413868153713,21.583709732281253
-1.8349393351440018,-1.120603292728855,-0.40626725031370814,0.30806879210143867,1.0224048345165855,1.7367408769317323,2.451076919346879,3.1654129617620264,3.8797490041771727,4.59408504659232,4.59408504659232,6.4700158406787605,8.345946634765202,10.221877428851641,12.097808222938083,13.973739017024524,15.849669811110964,17.725600605197403,19.601531399283846,21.477462193370286
-7.806468947219859,-6.8446961871679575,-5.882923427116056,-4.921150667064154,-3.9593779070122532,-2.9976051469603515,-2.0358323869084503,-1.074059626856549,-0.11228686680464772,0.8494858932472537,0.8494858932472537,2.3649942759990052,3.880502658750757,5.396011041502509,6.91151942425426,8.427027807006013,9.942536189757764,11.458044572509516,12.973552955261267,14.48906133801302
-12.14362075565078,-10.65664079150132,-9.16966082735186,-7.682680863202401,-6.195700899052941,-4.708720934903481,-3.2217409707540217,-1.7347610066045611,-0.24778104245510235,1.2391989216943555,1.2391989216943555,1.7785424560128797,2.317885990331404,2.8572295246499277,3.396573058968452,3.935916593286976,4.4752601276055,5.014603661924024,5.553947196242548,6.093290730561073
-11.835074251045471,-10.275910173535154,-8.716746096024838,-7.157582018514521,-5.598417941004205,-4.039253863493888,-2.480089785983571,-0.9209257084732556,0.6382383690370617,2.1974024465473794,2.1974024465473794,3.271551887512615,4.345701328477851,5.419850769443087,6.494000210408323,7.5681496513735595,8.642299092338794,9.71644853330403,10.790597974269266,11.864747415234502
-7.713976348919737,-6.845938100336206,-5.977899851752675,-5.1098616031691435,-4.2418233545856125,-3.3737851060020816,-2.5057468574185506,-1.6377086088350197,-0.7696703602514887,0.09836788833204221,0.09836788833204221,1.989608549343375,3.880849210354708,5.772089871366041,7.6633305323773735,9.554571193388707,11.44581185440004,13.337052515411372,15.228293176422705,17.119533837434037
-4.258127708338314,-3.505660265935878,-2.7531928235334417,-2.000725381131006,-1.2482579387285697,-0.4957904963261335,0.2566769460763023,1.009144388478739,1.7616118308811748,2.5140792732836106,2.5140792732836106,4.063074771869601,5.612070270455593,7.161065769041584,8.710061267627577,10.259056766213568,11.808052264799556,13.357047763385548,14.90604326197154,16.45503876055753
-10.694362584135257,-9.369334749352745,-8.044306914570234,-6.7192790797877215,-5.39425124500521,-4.069223410222698,-2.7441955754401857,-1.4191677406576737,-0.09413990587516174,1.2308879289073502,1.2308879289073502,3.4498912070838177,5.668894485260285,7.887897763436753,10.10690104161322,12.325904319789688,14.544907597966155,16.763910876142624,18.98291415431909,21.201917432495556
-11.18224605953384,-9.833445742954238,-8.484645426374634,-7.1358451097950315,-5.787044793215429,-4.438244476635827,-3.089444160056223,-1.7406438434766205,-0.3918435268970182,0.9569567896825846,0.9569567896825846,2.0742908989529925,3.191625008223401,4.308959117493808,5.426293226764217,6.543627336034625,7.660961445305032,8.778295554575442,9.895629663845849,11.012963773116256
-8.022679485327771,-6.867557101507195,-5.7124347176866195,-4.557312333866044,-3.402189950045468,-2.2470675662248922,-1.0919451824043165,0.06317720141625927,1.218299585236835,2.3734219690574117,2.3734219690574117,4.016139762053881,5.658857555050352,7.301575348046821,8.94429314104329,10.58701093403976,12.229728727036232,13.8724465200327,15.515164313029171,17.15788210602564
-10.156678488144522,-8.956873181409794,-7.757067874675066,-6.557262567940339,-5.357457261205611,-4.157651954470883,-2.9578466477361562,-1.7580413410014284,-0.5582360342667005,0.6415692724680276,0.6415692724680276,1.8422481973936198,3.042927122319212,4.243606047244803,5.444284972170395,6.6449638970959874,7.8456428220215795,9.046321746947172,10.247000671872764,11.447679596798356
-2.4049379777342357,-1.8850364475545778,-1.3651349173749199,-0.845233387195262,-0.3253318570156041,0.19456967316405382,0.7144712033437117,1.2343727335233696,1.7542742637030275,2.274175793882685,2.274175793882685,4.193906323430255,6.113636852977825,8.033367382525395,9.953097912072964,11.872828441620536,13.792558971168106,15.712289500715675,17.632020030263245,19.551750559810813
-5.974443940702713,-4.907291389253197,-3.8401388378036803,-2.772986286354164,-1.7058337349046475,-0.6386811834551311,0.42847136799438523,1.4956239194439016,2.562776470893418,3.629929022342935,3.629929022342935,4.8630215683222655,6.096114114301597,7.329206660280928,8.562299206260258,9.79539175223959,11.02848429821892,12.261576844198252,13.494669390177583,14.727761936156913
-6.8950255409807735,-5.605420756451189,-4.315815971921605,-3.026211187392021,-1.7366064028624368,-0.4470016183328527,0.8426031661967315,2.1322079507263165,3.4218127352559,4.711417519785485,4.711417519785485,5.9545721572505,7.197726794715516,8.440881432180532,9.684036069645547,10.927190707110562,12.170345344575578,13.413499982040594,14.656654619505609,15.899809256970626
-10.40274925094364,-9.198345668741286,-7.993942086538935,-6.789538504336583,-5.58513492213423,-4.380731339931878,-3.176327757729526,-1.9719241755271746,-0.7675205933248215,0.436882988877531,0.436882988877531,2.1137879083032,3.7906928277288694,5.467597747154538,7.144502666580207,8.821407586005877,10.498312505431546,12.175217424857216,13.852122344282884,15.529027263708553
-13.306237280712365,-11.475992995374028,-9.645748710035692,-7.815504424697354,-5.985260139359018,-4.1550158540206805,-2.324771568682344,-0.49452728334400753,1.335717001994329,3.1659612873326655,3.1659612873326655,4.368897082555987,5.57183287777931,6.774768673002633,7.977704468225955,9.180640263449277,10.383576058672599,11.586511853895923,12.789447649119245,13.992383444342567
-9.678591835464191,-7.863260190813049,-6.047928546161908,-4.232596901510767,-2.4172652568596256,-0.6019336122084837,1.2133980324426563,3.028729677093798,4.84406132174494,6.659392966396082,6.659392966396082,7.414224277257271,8.16905558811846,8.923886898979651,9.678718209840842,10.43354952070203,11.18838083156322,11.94321214242441,12.6980434532856,13.45287476414679
-8.926150986681652,-7.463412602158984,-6.000674217636316,-4.5379358331136475,-3.0751974485909797,-1.6124590640683119,-0.14972067954564316,1.3130177049770246,2.7757560894996924,4.238494474022359,4.238494474022359,4.893014908019514,5.547535342016669,6.2020557760138235,6.856576210010978,7.511096644008133,8.165617078005287,8.820137512002443,9.474657945999597,10.129178379996752
-9.968166144726894,-8.743630368299002,-7.519094591871111,-6.29455881544322,-5.070023039015329,-3.8454872625874374,-2.620951486159546,-1.3964157097316559,-0.17187993330376372,1.0526558431241264,1.0526558431241264,2.0272010447332676,3.0017462463424094,3.9762914479515503,4.950836649560692,5.925381851169833,6.899927052778975,7.874472254388117,8.849017455997258,9.823562657606399
-14.60513891327996,-12.650567512170166,-10.695996111060373,-8.741424709950579,-6.786853308840786,-4.832281907730993,-2.8777105066211988,-0.9231391055114049,1.031432295598389,2.9860036967081833,2.9860036967081833,4.6044442915054145,6.222884886302645,7.841325481099876,9.459766075897107,11.078206670694337,12.696647265491569,14.315087860288799,15.93352845508603,17.55196904988326
-7.739169724753107,-6.365179539983188,-4.99118935521327,-3.6171991704433513,-2.2432089856734327,-0.8692188009035142,0.5047713838664043,1.878761568636322,3.2527517534062413,4.626741938176161,4.626741938176161,5.765015683713624,6.903289429251088,8.041563174788552,9.179836920326014,10.318110665863479,11.456384411400943,12.594658156938406,13.732931902475869,14.871205648013333
-16.513225593594985,-14.620336251432084,-12.727446909269181,-10.83455756710628,-8.941668224943378,-7.048778882780477,-5.155889540617576,-3.263000198454673,-1.370110856291772,0.5227784858711305,0.5227784858711305,1.6907655274392384,2.8587525690073465,4.026739610575454,5.194726652143562,6.362713693711671,7.530700735279778,8.698687776847887,9.866674818415994,11.034661859984102
-10.455159915353345,-9.045808985481953,-7.636458055610561,-6.2271071257391695,-4.817756195867777,-3.408405265996385,-1.9990543361249937,-0.5897034062536015,0.8196475236177907,2.228998453489184,2.228998453489184,3.2973673048051793,4.365736156121175,5.43410500743717,6.502473858753166,7.570842710069161,8.639211561385157,9.707580412701152,10.775949264017147,11.844318115333142
11.935112815513325,12.882309760382899,13.829506705252474,14.776703650122048,15.723900594991623,16.671097539861197,17.61829448473077,18.565491429600346,19.51268837446992,20.459885319339495,20.459885319339495,21.547612769765443,22.635340220191395,23.723067670617343,24.81079512104329,25.898522571469243,26.98625002189519,28.07397747232114,29.16170492274709,30.24943237317304
-17.109033721647485,-14.958039029814776,-12.807044337982067,-10.65604964614936,-8.50505495431665,-6.354060262483941,-4.203065570651233,-2.0520708788185242,0.09892381301418496,2.2499185048468937,2.2499185048468937,3.168862157730681,4.087805810614468,5.006749463498256,5.9256931163820425,6.844636769265829,7.763580422149618,8.682524075033404,9.601467727917191,10.52041138080098
-2.7412218650096483,-1.972945862059159,-1.2046698591086693,-0.4363938561581797,0.33188214679230965,1.100158149742799,1.8684341526932888,2.6367101556437778,3.4049861585942676,4.173262161544757,4.173262161544757,5.388531493007714,6.603800824470671,7.819070155933628,9.034339487396585,10.249608818859542,11.464878150322498,12.680147481785456,13.895416813248412,15.11068614471137
-4.518945939206676,-3.6961466784256545,-2.8733474176446325,-2.0505481568636106,-1.2277488960825886,-0.40494963530156713,0.41784962547945526,1.2406488862604776,2.063448147041499,2.8862474078225206,2.8862474078225206,4.0043815695347345,5.122515731246948,6.240649892959162,7.358784054671376,8.47691821638359,9.595052378095804,10.713186539808017,11.83132070152023,12.949454863232443
-10.62141819971679,-9.410991000077898,-8.200563800439006,-6.990136600800114,-5.779709401161223,-4.5692822015223316,-3.3588550018834393,-2.148427802244548,-0.9380006026056567,0.2724265970332356,0.2724265970332356,2.8916508353563652,5.510875073679495,8.130099312002624,10.749323550325755,13.368547788648883,15.987772026972014,18.60699626529514,21.226220503618272,23.845444741941403
-3.8864850071774,-3.2055734891075867,-2.5246619710377733,-1.84375045296796,-1.1628389348981467,-0.4819274168283334,0.19898410124147992,0.8798956193112937,1.5608071373811065,2.2417186554509194,2.2417186554509194,4.41192009370816,6.5821215319654005,8.75232297022264,10.92252440847988,13.092725846737121,15.26292728499436,17.433128723251603,19.603330161508843,21.773531599766084
-15.824218515749722,-14.00871272821481,-12.193206940679897,-10.377701153144985,-8.562195365610073,-6.746689578075159,-4.931183790540247,-3.1156780030053337,-1.3001722154704218,0.5153335720644894,0.5153335720644894,0.9488976235252251,1.3824616749859608,1.8160257264466966,2.249589777907432,2.683153829368168,3.1167178808289036,3.5502819322896393,3.983845983750375,4.417410035211111
-8.473059885931153,-6.9948242348610785,-5.516588583791004,-4.038352932720929,-2.5601172816508537,-1.0818816305807788,0.39635402048929613,1.8745896715593702,3.352825322629446,4.83106097369952,4.83106097369952,5.873136844542053,6.915212715384587,7.95728858622712,8.999364457069653,10.041440327912186,11.083516198754719,12.125592069597253,13.167667940439786,14.20974381128232
-8.586059554404795,-7.330354121693114,-6.0746486889814335,-4.818943256269753,-3.5632378235580724,-2.307532390846392,-1.0518269581347113,0.20387847457696928,1.4595839072886498,2.7152893400003304,2.7152893400003304,3.7754928399179373,4.835696339835544,5.895899839753151,6.956103339670758,8.016306839588365,9.076510339505973,10.136713839423578,11.196917339341185,12.257120839258793
-2.1491264560891814,-0.6715139206198601,0.8060986148494611,2.2837111503187826,3.7613236857881036,5.238936221257425,6.716548756726747,8.194161292196068,9.671773827665389,11.14938636313471,11.14938636313471,12.377397553166375,13.60540874319804,14.833419933229708,16.06143112326137,17.289442313293037,18.517453503324706,19.74546469335637,20.973475883388037,22.201487073419703
-13.593795318796035,-12.034839953052925,-10.475884587309814,-8.916929221566704,-7.357973855823594,-5.799018490080483,-4.240063124337373,-2.681107758594262,-1.1221523928511523,0.43680297289195774,0.43680297289195774,0.9135861562538385,1.3903693396157193,1.8671525229776003,2.343935706339481,2.8207188897013618,3.2975020730632427,3.7742852564251232,4.251068439787004,4.727851623148885
-11.148535724503194,-9.471199270067352,-7.793862815631508,-6.116526361195665,-4.439189906759822,-2.7618534523239795,-1.0845169978881355,0.5928194565477085,2.2701559109835507,3.9474923654193943,3.9474923654193943,5.0577327949043935,6.167973224389393,7.278213653874392,8.388454083359392,9.498694512844391,10.608934942329391,11.71917537181439,12.82941580129939,13.93965623078439
-25.408533752749353,-22.57133874098166,-19.73414372921397,-16.89694871744628,-14.059753705678585,-11.222558693910893,-8.3853636821432,-5.548168670375507,-2.7109736586078164,0.12622135315987784,0.12622135315987784,5.013631166019593,9.901040978879308,14.788450791739024,19.67586060459874,24.563270417458455,29.45068023031817,34.338090043177885,39.2254998560376,44.112909668897316
-12.346272613486832,-10.547760544862987,-8.749248476239142,-6.950736407615298,-5.152224338991453,-3.353712270367609,-1.555200201743764,0.24331186688008088,2.041823935503926,3.8403360041277703,3.8403360041277703,4.513851681749632,5.187367359371493,5.860883036993354,6.5343987146152145,7.207914392237075,7.881430069858936,8.554945747480797,9.228461425102658,9.90197710272452
6.425787967405945,7.630446803791376,8.835105640176806,10.039764476562237,11.244423312947667,12.449082149333098,13.653740985718528,14.858399822103959,16.06305865848939,17.26771749487482,17.26771749487482,18.42250777068282,19.577298046490817,20.732088322298818,21.88687859810682,23.04166887391482,24.19645914972282,25.351249425530817,26.506039701338818,27.66082997714682
-7.211786937447648,-5.962393602028462,-4.713000266609276,-3.46360693119009,-2.2142135957709037,-0.9648202603517175,0.28457307506746865,1.5339664104866557,2.783359745905841,4.032753081325026,4.032753081325026,5.19596371424425,6.359174347163473,7.5223849800826965,8.68559561300192,9.848806245921145,11.012016878840367,12.17522751175959,13.338438144678815,14.501648777598039
-15.621419757087788,-13.665567886174886,-11.709716015261984,-9.753864144349082,-7.79801227343618,-5.8421604025232785,-3.8863085316103767,-1.930456660697475,0.0253952102154269,1.981247081128328,1.981247081128328,3.0054803260346636,4.0297135709409995,5.053946815847334,6.07818006075367,7.102413305660006,8.126646550566342,9.150879795472678,10.175113040379014,11.19934628528535
1.030415025675338,1.7360260375652614,2.441637049455185,3.147248061345109,3.8528590732350323,4.558470085124956,5.26408109701488,5.969692108904803,6.675303120794727,7.380914132684651,7.380914132684651,9.010040078127611,10.63916602357057,12.268291969013532,13.897417914456492,15.526543859899451,17.155669805342413,18.784795750785374,20.413921696228332,22.043047641671293
-3.7011244170774544,-2.4859416653444177,-1.270758913611381,-0.055576161878344355,1.1596065898546923,2.3747893415877295,3.5899720933207657,4.805154845053802,6.020337596786839,7.235520348519876,7.235520348519876,8.869545813168257,10.503571277816636,12.137596742465018,13.7716222071134,15.40564767176178,17.03967313641016,18.67369860105854,20.30772406570692,21.941749530355303
-15.537409748269257,-13.730907831704013,-11.924405915138767,-10.11790399857352,-8.311402082008277,-6.504900165443031,-4.698398248877787,-2.891896332312543,-1.085394415747297,0.7211075008179495,0.7211075008179495,2.4445217141148703,4.167935927411791,5.891350140708711,7.614764354005632,9.33817856730255,11.061592780599472,12.785006993896394,14.508421207193313,16.231835420490235
-2.0149508939338476,-1.4454268750596886,-0.8759028561855295,-0.3063788373113705,0.26314518156278854,0.8326692004369476,1.4021932193111066,1.9717172381852657,2.5412412570594247,3.1107652759335833,3.1107652759335833,5.441217003915956,7.7716687318983295,10.102120459880702,12.432572187863077,14.763023915845448,17.093475643827823,19.423927371810198,21.75437909979257,24.08483082777494
-4.212809536453461,-3.303264496205418,-2.393719455957375,-1.4841744157093317,-0.5746293754612886,0.33491566478675416,1.2444607050347978,2.1540057452828414,3.063550785530884,3.973095825778927,3.973095825778927,5.60623303752296,7.239370249266994,8.872507461011029,10.50564467275506,12.138781884499096,13.77191909624313,15.405056307987163,17.038193519731195,18.67133073147523
-10.607440295321013,-9.203099798440944,-7.798759301560876,-6.394418804680807,-4.990078307800739,-3.585737810920671,-2.181397314040602,-0.7770568171605348,0.6272836797195342,2.031624176599603,2.031624176599603,2.8609282539557257,3.690232331311849,4.519536408667972,5.348840486024095,6.178144563380219,7.0074486407363406,7.836752718092464,8.666056795448586,9.49536087280471
-10.42828343170221,-8.830977962987415,-7.2336724942726205,-5.636367025557826,-4.039061556843031,-2.441756088128235,-0.8444506194134416,0.7528548493013538,2.350160318016149,3.947465786730945,3.947465786730945,5.137309537709894,6.327153288688843,7.516997039667791,8.70684079064674,9.896684541625689,11.086528292604637,12.276372043583587,13.466215794562535,14.656059545541483
-6.633593377634825,-5.790795272795782,-4.947997167956738,-4.105199063117695,-3.262400958278651,-2.4196028534396072,-1.5768047486005639,-0.7340066437615205,0.10879146107752291,0.9515895659165665,0.9515895659165665,2.415760120495321,3.8799306750740747,5.344101229652829,6.808271784231583,8.272442338810338,9.736612893389093,11.200783447967847,12.664954002546601,14.129124557125355
-6.516152934728245,-5.239187680860907,-3.962222426993569,-2.685257173126231,-1.4082919192588932,-0.1313266653915548,1.1456385884757827,2.42260384234312,3.6995690962104586,4.976534350077797,4.976534350077797,6.108990042021675,7.241445733965553,8.37390142590943,9.506357117853309,10.638812809797187,11.771268501741066,12.903724193684942,14.03617988562882,15.168635577572699
-11.385757287180176,-9.389962524750988,-7.394167762321802,-5.398372999892614,-3.402578237463427,-1.4067834750342385,0.589011287394948,2.5848060498241345,4.580600812253323,6.57639557468251,6.57639557468251,9.217725558246148,11.859055541809788,14.500385525373424,17.141715508937065,19.7830454925007,22.42437547606434,25.06570545962798,27.707035443191618,30.348365426755258
-5.805206932882012,-3.0289461048299664,-0.2526852767779211,2.5235755512741243,5.29983637932617,8.076097207378215,10.85235803543026,13.628618863482306,16.40487969153435,19.181140519586396,19.181140519586396,21.010944840212737,22.84074916083908,24.670553481465422,26.500357802091763,28.330162122718104,30.159966443344445,31.98977076397079,33.81957508459713,35.64937940522347
-3.6196424562385703,-2.7824599554306477,-1.9452774546227254,-1.108094953814803,-0.2709124530068805,0.5662700478010416,1.4034525486089642,2.2406350494168867,3.0778175502248093,3.915000051032732,3.915000051032732,5.772016914372934,7.629033777713136,9.486050641053339,11.343067504393542,13.200084367733744,15.057101231073943,16.914118094414146,18.77113495775435,20.62815182109455
-2.161876861578394,-0.6344516517614054,0.8929735580555831,2.4203987678725714,3.94782397768956,5.475249187506549,7.002674397323537,8.530099607140526,10.057524816957514,11.584950026774502,11.584950026774502,12.684680318922098,13.784410611069694,14.88414090321729,15.983871195364886,17.08360148751248,18.18333177966008,19.283062071807674,20.382792363955268,21.482522656102866
5.0074369919278094,5.139785530548932,5.272134069170054,5.404482607791176,5.536831146412299,5.66917968503342,5.801528223654542,5.9338767622756645,6.066225300896787,6.198573839517909,6.198573839517909,8.529809175333323,10.861044511148737,13.192279846964153,15.523515182779567,17.854750518594983,20.185985854410397,22.51722119022581,24.848456526041225,27.17969186185664
-4.112759985125662,-2.7753302335842216,-1.4379004820427803,-0.10047073050133903,1.2369590210401018,2.5743887725815426,3.9118185241229844,5.249248275664425,6.586678027205866,7.924107778747307,7.924107778747307,9.322575650974064,10.721043523200821,12.11951139542758,13.517979267654336,14.916447139881093,16.31491501210785,17.713382884334607,19.111850756561363,20.51031862878812
-10.518405150966446,-9.263055041670874,-8.007704932375303,-6.75235482307973,-5.4970047137841584,-4.241654604488587,-2.986304495193014,-1.7309543858974425,-0.4756042766018709,0.7797458326937007,0.7797458326937007,2.035196253467428,3.290646674241155,4.546097095014882,5.801547515788609,7.056997936562336,8.312448357336063,9.567898778109791,10.823349198883518,12.078799619657245
-12.285171232769239,-10.251239638600723,-8.217308044432208,-6.183376450263693,-4.149444856095178,-2.1155132619266634,-0.08158166775814735,1.9523499264103688,3.986281520578883,6.020213114747397,6.020213114747397,8.712737651481653,11.405262188215909,14.097786724950165,16.790311261684423,19.482835798418677,22.17536033515293,24.867884871887192,27.560409408621446,30.2529339453557
-17.08659650129284,-15.000102705119632,-12.913608908946426,-10.827115112773221,-8.740621316600015,-6.654127520426808,-4.567633724253604,-2.481139928080397,-0.3946461319071908,1.691847664266015,1.691847664266015,2.5626370737402056,3.4334264832143964,4.304215892688587,5.175005302162778,6.045794711636969,6.91658412111116,7.78737353058535,8.658162940059542,9.528952349533732
-9.93835541663204,-8.720120398333412,-7.501885380034785,-6.283650361736157,-5.065415343437529,-3.8471803251389005,-2.628945306840273,-1.4107102885416456,-0.19247527024301725,1.025759748055611,1.025759748055611,2.528762238738163,4.031764729420715,5.534767220103268,7.0377697107858195,8.540772201468371,10.043774692150924,11.546777182833475,13.049779673516028,14.55278216419858
-21.57497807906819,-19.171389601425815,-16.767801123783435,-14.364212646141057,-11.96062416849868,-9.557035690856301,-7.153447213213923,-4.7498587355715465,-2.3462702579291665,0.05731821971320973,0.05731821971320973,0.9450737348439067,1.8328292499746037,2.7205847651053006,3.6083402802359976,4.496095795366695,5.383851310497391,6.271606825628089,7.159362340758785,8.047117855889482
-16.479743314701068,-14.432636695692027,-12.385530076682986,-10.338423457673946,-8.291316838664905,-6.244210219655864,-4.197103600646823,-2.1499969816377824,-0.10289036262874163,1.9442162563802998,1.9442162563802998,2.4338705568997314,2.9235248574191632,3.413179157938595,3.9028334584580264,4.392487758977458,4.88214205949689,5.371796360016321,5.861450660535753,6.351104961055185
-12.742779394162657,-10.973763109162542,-9.204746824162427,-7.435730539162313,-5.666714254162199,-3.8976979691620848,-2.12868168416197,-0.35966539916185525,1.4093508858382595,3.178367170838374,3.178367170838374,3.755380060064338,4.332392949290302,4.909405838516266,5.48641872774223,6.063431616968193,6.640444506194158,7.217457395420123,7.794470284646087,8.37148317387205
-16.069080589787365,-13.943054914046067,-11.81702923830477,-9.691003562563472,-7.564977886822174,-5.438952211080876,-3.312926535339578,-1.1869008595982802,0.9391248161430177,3.065150491884314,3.065150491884314,4.131335700854825,5.197520909825336,6.263706118795847,7.329891327766358,8.396076536736869,9.462261745707378,10.52844695467789,11.5946321636484,12.660817372618911
-16.018602966347803,-14.160750097698633,-12.302897229049465,-10.445044360400296,-8.587191491751128,-6.729338623101958,-4.871485754452788,-3.01363288580362,-1.1557800171544503,0.7020728514947208,0.7020728514947208,1.7545554061771647,2.8070379608596085,3.8595205155420524,4.912003070224497,5.96448562490694,7.016968179589384,8.069450734271829,9.121933288954272,10.174415843636716
-4.844375798072258,-4.167646469289901,-3.490917140507544,-2.814187811725186,-2.137458482942829,-1.4607291541604717,-0.783999825378114,-0.10727049659575716,0.5694588321866005,1.246188160968958,1.246188160968958,3.8791389364610804,6.512089711953203,9.145040487445325,11.777991262937446,14.41094203842957,17.04389281392169,19.676843589413814,22.309794364905937,24.94274514039806
-11.138814749599462,-9.87269908000021,-8.606583410400958,-7.3404677408017065,-6.074352071202455,-4.808236401603203,-3.5421207320039514,-2.2760050624046997,-1.009889392805448,0.25622627679380283,0.25622627679380283,1.7985121808307838,3.3407980848677648,4.883083988904746,6.425369892941727,7.967655796978708,9.509941701015688,11.052227605052671,12.594513509089651,14.136799413126631
-14.223582577072495,-12.531189046975959,-10.838795516879422,-9.146401986782887,-7.454008456686351,-5.7616149265898144,-4.06922139649328,-2.3768278663967433,-0.6844343363002068,1.0079591937963301,1.0079591937963301,2.3349348752882597,3.6619105567801893,4.988886238272119,6.315861919764048,7.642837601255978,8.969813282747907,10.296788964239836,11.623764645731766,12.950740327223695
-16.32648282879736,-13.810562762592816,-11.294642696388275,-8.778722630183733,-6.262802563979189,-3.7468824977746458,-1.230962431570104,1.2849576346344378,3.8008777008389814,6.316797767043527,6.316797767043527,7.159471637169034,8.00214550729454,8.844819377420047,9.687493247545554,10.530167117671061,11.372840987796568,12.215514857922074,13.05818872804758,13.900862598173088
-3.207723862176881,-2.517582321539726,-1.8274407809025706,-1.1372992402654152,-0.44715769962826,0.24298384100889514,0.9331253816460507,1.623266922283206,2.313408462920361,3.0035500035575162,3.0035500035575162,5.268695926993321,7.533841850429127,9.798987773864932,12.064133697300736,14.329279620736541,16.59442554417235,18.859571467608152,21.12471739104396,23.389863314479765
-14.777529016709675,-13.123066124207137,-11.468603231704598,-9.814140339202062,-8.159677446699524,-6.505214554196986,-4.850751661694449,-3.196288769191911,-1.5418258766893729,0.11263701581316499,0.11263701581316499,1.7170227584866553,3.3214085011601457,4.925794243833637,6.530179986507127,8.134565729180617,9.738951471854108,11.3433372145276,12.947722957201089,14.55210869987458
-2.6612767972459173,-2.1279278711262912,-1.5945789450066654,-1.0612300188870396,-0.5278810927674136,0.005467833352212459,0.538816759471838,1.072165685591464,1.6055146117110901,2.1388635378307157,2.1388635378307157,4.941712780893842,7.744562023956968,10.547411267020095,13.35026051008322,16.153109753146346,18.955958996209475,21.7588082392726,24.561657482335725,27.36450672539885
-17.237086358839495,-15.30480911437609,-13.372531869912684,-11.440254625449281,-9.507977380985874,-7.575700136522471,-5.643422892059066,-3.711145647595661,-1.7788684031322557,0.15340884133115038,0.15340884133115038,1.4862705276896346,2.819132214048119,4.1519939004066035,5.484855586765088,6.817717273123572,8.150578959482058,9.483440645840542,10.816302332199026,12.14916401855751
-15.113652093709934,-13.369875853281375,-11.626099612852817,-9.88232337242426,-8.1385471319957,-6.394770891567141,-4.650994651138584,-2.9072184107100263,-1.163442170281467,0.580334070147093,0.580334070147093,1.8195408665600006,3.058747662972908,4.297954459385815,5.537161255798723,6.77636805221163,8.015574848624537,9.254781645037443,10.493988441450352,11.73319523786326
0.09094189792838492,1.583092102396138,3.075242306863891,4.567392511331644,6.059542715799397,7.5516929202671506,9.043843124734902,10.535993329202656,12.02814353367041,13.520293738138163,13.520293738138163,15.180375300983654,16.840456863829147,18.500538426674638,20.16061998952013,21.82070155236562,23.48078311521111,25.140864678056605,26.800946240902096,28.461027803747587
0.032625477660310764,2.0755389104127686,4.1184523431652265,6.161365775917684,8.204279208670142,10.2471926414226,12.290106074175057,14.333019506927515,16.375932939679974,18.41884637243243,18.41884637243243,19.67907769708318,20.939309021733926,22.199540346384676,23.459771671035423,24.720002995686173,25.98023432033692,27.24046564498767,28.50069696963842,29.760928294289165
-15.971630111462447,-13.837937754105422,-11.704245396748394,-9.570553039391367,-7.436860682034341,-5.303168324677314,-3.169475967320288,-1.0357836099632625,1.097908747393765,3.231601104750792,3.231601104750792,4.572656554859264,5.913712004967735,7.254767455076207,8.595822905184678,9.93687835529315,11.277933805401622,12.618989255510092,13.960044705618564,15.301100155727037
-12.67698647624075,-9.581975758808777,-6.486965041376807,-3.3919543239448373,-0.29694360651286544,2.7980671109191064,5.893077828351075,8.988088545783047,12.083099263215018,15.17810998064699,15.17810998064699,15.778819570477769,16.379529160308547,16.980238750139325,17.580948339970107,18.181657929800885,18.782367519631663,19.38307710946244,19.98378669929322,20.584496289123997
-1.6572221834168146,-1.263066839413929,-0.8689114954110434,-0.47475615140815774,-0.0806008074052722,0.31355453659761334,0.7077098806004991,1.1018652246033844,1.4960205686062702,1.890175912609156,1.890175912609156,4.627708914394219,7.365241916179283,10.102774917964346,12.84030791974941,15.577840921534474,18.315373923319537,21.0529069251046,23.790439926889665,26.52797292867473
-19.141756130529892,-16.504061442262078,-13.866366753994264,-11.22867206572645,-8.590977377458636,-5.9532826891908215,-3.3155880009230074,-0.6778933126551934,1.9598013756126207,4.597496063880436,4.597496063880436,5.08041055862808,5.563325053375725,6.046239548123371,6.529154042871015,7.01206853761866,7.494983032366305,7.977897527113949,8.460812021861594,8.943726516609239
-12.970161010655945,-10.577868727031351,-8.18557644340676,-5.793284159782167,-3.4009918761575744,-1.0086995925329827,1.3835926910916108,3.775884974716204,6.168177258340796,8.560469541965388,8.560469541965388,9.540872920129956,10.521276298294524,11.501679676459093,12.48208305462366,13.462486432788229,14.442889810952796,15.423293189117365,16.403696567281933,17.3840999454465
-11.486368639681299,-9.699325324124167,-7.912282008567036,-6.125238693009905,-4.338195377452774,-2.5511520618956425,-0.7641087463385112,1.02293456921862,2.8099778847757513,4.597021200332882,4.597021200332882,6.597606623722231,8.598192047111581,10.59877747050093,12.59936289389028,14.59994831727963,16.60053374066898,18.60111916405833,20.601704587447678,22.602290010837027
-4.103357077659199,-2.740067655323066,-1.3767782329869327,-0.013488810650799543,1.3498006116853336,2.7130900340214668,4.0763794563576,5.439668878693732,6.802958301029866,8.166247723366,8.166247723366,10.113431967443876,12.060616211521754,14.00780045559963,15.954984699677507,17.902168943755385,19.84935318783326,21.79653743191114,23.743721675989015,25.69090592006689
1.838297387954106,2.333932517420267,2.8295676468864284,3.3252027763525893,3.8208379058187507,4.316473035284911,4.812108164751073,5.307743294217234,5.8033784236833945,6.299013553149556,6.299013553149556,9.469492192213332,12.63997083127711,15.810449470340885,18.980928109404662,22.15140674846844,25.321885387532216,28.492364026595993,31.66284266565977,34.83332130472355
13.964309835773756,15.27784485181853,16.591379867863306,17.90491488390808,19.218449899952855,20.531984915997633,21.845519932042407,23.15905494808718,24.472589964131956,25.78612498017673,25.78612498017673,27.60302462345581,29.41992426673489,31.236823910013968,33.05372355329305,34.870623196572126,36.687522839851205,38.504422483130284,40.32132212640936,42.13822176968844
-18.073377005001156,-16.05893572632056,-14.044494447639964,-12.03005316895937,-10.015611890278773,-8.001170611598177,-5.986729332917582,-3.972288054236987,-1.9578467755563906,0.05659450312420733,0.05659450312420733,1.1403932001987598,2.224191897273312,3.307990594347864,4.391789291422417,5.47558798849697,6.559386685571521,7.643185382646074,8.726984079720626,9.810782776795179
-13.552743977830072,-11.926117195329319,-10.299490412828565,-8.672863630327809,-7.046236847827055,-5.419610065326301,-3.7929832828255456,-2.1663565003247918,-0.5397297178240379,1.0868970646767169,1.0868970646767169,2.9400410957805567,4.793185126884396,6.6463291579882355,8.499473189092075,10.352617220195913,12.205761251299755,14.058905282403593,15.912049313507435,17.765193344611273
-12.044618019535136,-10.537150043988051,-9.029682068440966,-7.52221409289388,-6.014746117346795,-4.50727814179971,-2.999810166252624,-1.4923421907055392,0.015125784841545808,1.5225937603886317,1.5225937603886317,2.883675233804997,4.244756707221362,5.605838180637727,6.9669196540540925,8.328001127470458,9.689082600886824,11.050164074303186,12.411245547719552,13.772327021135919
-6.047644932540072,-4.160909252178881,-2.2741735718176903,-0.3874378914565,1.4992977889046912,3.3860334692658824,5.272769149627072,7.159504829988263,9.046240510349454,10.932976190710646,10.932976190710646,12.438235555362752,13.94349492001486,15.448754284666968,16.954013649319073,18.45927301397118,19.96453237862329,21.469791743275394,22.975051107927506,24.48031047257961
-14.167046717068851,-11.875956481988329,-9.584866246907806,-7.293776011827283,-5.002685776746761,-2.711595541666238,-0.4205053065857154,1.8705849284948055,4.16167516357533,6.452765398655851,6.452765398655851,8.062548048353445,9.672330698051038,11.282113347748632,12.891895997446227,14.501678647143821,16.111461296841412,17.72124394653901,19.331026596236605,20.940809245934197
-1.0345630353323276,-0.27717075058815177,0.4802215341560241,1.2376138189001997,1.9950061036443758,2.752398388388552,3.509790673132727,4.267182957876903,5.024575242621079,5.781967527365255,5.781967527365255,7.750849313900948,9.71973110043664,11.688612886972331,13.657494673508022,15.626376460043716,17.595258246579405,19.564140033115102,21.53302181965079,23.50190360618648
-17.08187887406954,-14.917280402366153,-12.752681930662764,-10.588083458959376,-8.423484987255987,-6.258886515552598,-4.094288043849211,-1.929689572145822,0.234908899557567,2.3995073712609574,2.3995073712609574,3.2637901699100698,4.128072968559183,4.992355767208295,5.856638565857407,6.72092136450652,7.585204163155632,8.449486961804745,9.313769760453857,10.17805255910297
0.15859004057348614,1.5014472131079108,2.8443043856423356,4.1871615581767605,5.530018730711185,6.8728759032456095,8.215733075780035,9.55859024831446,10.901447420848884,12.244304593383308,12.244304593383308,15.178757965392663,18.113211337402014,21.047664709411368,23.982118081420722,26.916571453430077,29.851024825439428,32.78547819744878,35.71993156945814,38.65438494146749
-7.866884499342254,-6.900659888889364,-5.934435278436474,-4.968210667983583,-4.001986057530693,-3.0357614470778023,-2.069536836624912,-1.1033122261720214,-0.13708761571913097,0.8291369947337593,0.8291369947337593,2.736634056001199,4.644131117268638,6.5516281785360775,8.459125239803516,10.366622301070954,12.274119362338395,14.181616423605835,16.089113484873273,17.99661054614071
-17.866867851012046,-14.874405448320681,-11.881943045629317,-8.889480642937952,-5.897018240246588,-2.9045558375552236,0.08790656513614081,3.0803689678275035,6.07283137051887,9.065293773210234,9.065293773210234,10.230163800321597,11.395033827432957,12.55990385454432,13.724773881655683,14.889643908767043,16.054513935878404,17.219383962989767,18.38425399010113,19.549124017212492
-6.429891456487699,-5.699069099393506,-4.968246742299312,-4.237424385205118,-3.5066020281109256,-2.7757796710167324,-2.0449573139225388,-1.3141349568283456,-0.5833125997341524,0.14750975736004043,0.14750975736004043,3.856205977958623,7.564902198557206,11.273598419155789,14.982294639754372,18.690990860352954,22.399687080951537,26.10838330155012,29.817079522148703,33.525775742747285
-14.522217565518568,-12.828022395812157,-11.133827226105748,-9.439632056399336,-7.745436886692925,-6.051241716986514,-4.357046547280104,-2.662851377573693,-0.9686562078672818,0.725538961839129,0.725538961839129,2.920572493396032,5.115606024952935,7.310639556509837,9.505673088066741,11.700706619623643,13.895740151180547,16.09077368273745,18.28580721429435,20.480840745851253
-23.696278527146813,-21.04093257554945,-18.385586623952086,-15.730240672354725,-13.074894720757362,-10.419548769159999,-7.764202817562637,-5.108856865965272,-2.453510914367911,0.20183503722944893,0.20183503722944893,1.044508702638598,1.887182368047747,2.729856033456896,3.5725296988660453,4.415203364275195,5.257877029684344,6.100550695093492,6.943224360502642,7.785898025911791
-13.42256290515767,-11.917980003271518,-10.413397101385366,-8.908814199499211,-7.40423129761306,-5.899648395726907,-4.395065493840754,-2.8904825919546013,-1.3858996900684488,0.11868321181770448,0.11868321181770448,1.478130293150919,2.8375773744841335,4.197024455817348,5.556471537150562,6.915918618483777,8.27536569981699,9.634812781150204,10.99425986248342,12.353706943816634
-16.761739244706114,-14.340564364278443,-11.91938948385077,-9.498214603423097,-7.077039722995426,-4.655864842567755,-2.2346899621400826,0.18648491828759006,2.607659798715261,5.028834679142932,5.028834679142932,6.001014017396396,6.97319335564986,7.945372693903325,8.917552032156788,9.889731370410253,10.861910708663718,11.834090046917181,12.806269385170644,13.778448723424109
-10.982763370837198,-9.677688248794537,-8.372613126751876,-7.067538004709215,-5.762462882666554,-4.457387760623893,-3.1523126385812326,-1.8472375165385717,-0.5421623944959109,0.7629127275467492,0.7629127275467492,2.7198012777882394,4.67668982802973,6.63357837827122,8.590466928512711,10.547355478754202,12.504244028995691,14.461132579237182,16.41802112947867,18.37490967972016
-2.2896830993632538,-1.3463937385553328,-0.4031043777474119,0.540184983060509,1.48347434386843,2.4267637046763504,3.3700530654842717,4.313342426292193,5.256631787100114,6.199921147908034,6.199921147908034,9.742902269313955,13.285883390719874,16.828864512125797,20.371845633531716,23.914826754937636,27.45780787634356,31.00078899774948,34.5437701191554,38.08675124056132
-18.83788460845213,-16.553261012479005,-14.268637416505879,-11.984013820532754,-9.699390224559629,-7.414766628586504,-5.130143032613379,-2.845519436640254,-0.5608958406671292,1.7237277553059975,1.7237277553059975,5.0523590540639365,8.380990352821875,11.709621651579814,15.038252950337753,18.366884249095694,21.69551554785363,25.02414684661157,28.35277814536951,31.681409444127446
-15.888422040264903,-13.09784890910781,-10.307275777950718,-7.516702646793625,-4.726129515636533,-1.9355563844794403,0.8550167466776522,3.6455898778347446,6.436163008991837,9.22673614014893,9.22673614014893,10.138429257493337,11.050122374837743,11.96181549218215,12.873508609526558,13.785201726870966,14.696894844215372,15.60858796155978,16.520281078904187,17.431974196248593
-12.289592675572798,-10.619376863814626,-8.949161052056454,-7.278945240298279,-5.608729428540107,-3.9385136167819343,-2.26829780502376,-0.5980819932655876,1.0721338184925848,2.7423496302507564,2.7423496302507564,4.568785447715404,6.395221265180052,8.2216570826447,10.04809290010935,11.874528717573998,13.700964535038644,15.527400352503292,17.35383616996794,19.18027198743259
-27.717780433489846,-24.44521356810466,-21.172646702719476,-17.90007983733429,-14.627512971949104,-11.354946106563919,-8.082379241178732,-4.809812375793548,-1.5372455104083613,1.735321354976824,1.735321354976824,4.466617656506791,7.197913958036758,9.929210259566725,12.660506561096692,15.39180286262666,18.123099164156628,20.854395465686597,23.585691767216563,26.31698806874653
-17.89599390338228,-15.888949420631269,-13.881904937880257,-11.874860455129248,-9.867815972378237,-7.860771489627226,-5.853727006876216,-3.846682524125205,-1.8396380413741937,0.16740644137681565,0.16740644137681565,1.8100148389547708,3.452623236532726,5.0952316341106805,6.737840031688636,8.380448429266592,10.023056826844545,11.6656652244225,13.308273622000456,14.950882019578412
-19.907825953023444,-17.19494795283757,-14.482069952651695,-11.76919195246582,-9.056313952279945,-6.343435952094071,-3.6305579519081945,-0.9176799517223202,1.7951980484635541,4.508076048649429,4.508076048649429,5.737928515093819,6.967780981538208,8.197633447982598,9.427485914426988,10.657338380871378,11.887190847315768,13.117043313760156,14.346895780204548,15.576748246648936
-9.245077611688394,-8.042541837851367,-6.840006064014341,-5.637470290177315,-4.434934516340288,-3.2323987425032614,-2.029862968666235,-0.8273271948292091,0.37520857900781834,1.577744352844845,1.577744352844845,3.5744072875161157,5.5710702221873865,7.567733156858657,9.564396091529929,11.5610590262012,13.55772196087247,15.554384895543741,17.551047830215012,19.547710764886283
-19.191149587988733,-16.9175921578471,-14.644034727705467,-12.370477297563834,-10.096919867422201,-7.823362437280569,-5.549805007138936,-3.276247576997303,-1.0026901468556702,1.270867283285964,1.270867283285964,3.439199427895035,5.607531572504106,7.775863717113177,9.944195861722248,12.112528006331319,14.28086015094039,16.44919229554946,18.61752444015853,20.7858565847676
-9.843167890657924,-7.725653214724378,-5.608138538790833,-3.490623862857287,-1.3731091869237417,0.7444054890098037,2.861920164943349,4.979434840876895,7.09694951681044,9.214464192743986,9.214464192743986,11.004634248978977,12.794804305213969,14.584974361448962,16.375144417683956,18.165314473918947,19.95548453015394,21.74565458638893,23.535824642623922,25.325994698858914
-11.890754143387836,-10.003718579615523,-8.11668301584321,-6.229647452070895,-4.342611888298582,-2.455576324526268,-0.5685407607539545,1.3184948030183588,3.205530366790672,5.092565930562985,5.092565930562985,6.881328923952266,8.670091917341544,10.458854910730825,12.247617904120105,14.036380897509385,15.825143890898664,17.613906884287942,19.402669877677226,21.191432871066503
-20.520174796630165,-18.11618219523366,-15.712189593837154,-13.30819699244065,-10.904204391044143,-8.500211789647636,-6.096219188251132,-3.692226586854627,-1.2882339854581204,1.1157586159383872,1.1157586159383872,3.0232290964700113,4.9306995770016355,6.83817005753326,8.745640538064885,10.65311101859651,12.560581499128133,14.468051979659757,16.37552246019138,18.282992940723005
-10.51331084833982,-9.1746480960528,-7.835985343765781,-6.497322591478761,-5.158659839191741,-3.8199970869047215,-2.481334334617701,-1.1426715823306814,0.19599116995633814,1.5346539222433568,1.5346539222433568,4.710828593325026,7.887003264406695,11.063177935488365,14.239352606570034,17.4155272776517,20.591701948733373,23.76787661981504,26.94405129089671,30.120225961978377
-17.791977699191083,-15.614023484997297,-13.43606927080351,-11.258115056609721,-9.080160842415935,-6.9022066282221495,-4.724252414028362,-2.546298199834574,-0.36834398564078796,1.8096102285529976,1.8096102285529976,3.7983517318215743,5.787093235090151,7.7758347383587285,9.764576241627305,11.753317744895883,13.742059248164459,15.730800751433037,17.71954225470161,19.70828375797019
-17.663932839586163,-15.683537025958882,-13.703141212331602,-11.722745398704319,-9.74234958507704,-7.7619537714497575,-5.781557957822477,-3.801162144195196,-1.8207663305679151,0.15962948305936592,0.15962948305936592,1.619927087130518,3.0802246912016704,4.540522295272822,6.000819899343974,7.461117503415126,8.921415107486279,10.38171271155743,11.842010315628583,13.302307919699736
-22.592179479388264,-19.991123158567728,-17.39006683774719,-14.789010516926659,-12.187954196106123,-9.586897875285587,-6.985841554465052,-4.384785233644518,-1.7837289128239817,0.8173274079965535,0.8173274079965535,3.2003993578201575,5.583471307643761,7.966543257467365,10.349615207290968,12.732687157114572,15.115759106938176,17.498831056761784,19.881903006585386,22.26497495640899
-19.430026832384115,-17.023655114522626,-14.61728339666114,-12.210911678799652,-9.804539960938165,-7.398168243076677,-4.9917965252151895,-2.5854248073537036,-0.1790530894922142,2.227318628369277,2.227318628369277,3.4517594986169056,4.676200368864534,5.900641239112163,7.125082109359791,8.34952297960742,9.573963849855048,10.798404720102678,12.022845590350306,13.247286460597934
-8.941783066457518,-7.550179734925854,-6.158576403394191,-4.7669730718625285,-3.375369740330865,-1.9837664087992017,-0.5921630772675393,0.799440254264125,2.1910435857957875,3.58264691732745,3.58264691732745,6.022387109493043,8.462127301658636,10.90186749382423,13.341607685989823,15.781347878155417,18.22108807032101,20.660828262486604,23.100568454652198,25.540308646817792
-3.7810941652598666,-3.3428802534897333,-2.9046663417196004,-2.466452429949467,-2.028238518179334,-1.5900246064092007,-1.1518106946390674,-0.7135967828689345,-0.2753828710988011,0.1628310406713321,0.1628310406713321,3.2770336851083375,6.391236329545342,9.505438973982347,12.619641618419353,15.733844262856358,18.848046907293362,21.96224955173037,25.076452196167374,28.190654840604378
-11.872825007412006,-9.698908694610587,-7.524992381809167,-5.351076069007747,-3.1771597562063274,-1.003243443404907,1.1706728693965118,3.3445891821979306,5.518505494999351,7.692421807800772,7.692421807800772,9.617103844453842,11.541785881106915,13.466467917759985,15.391149954413056,17.315831991066126,19.2405140277192,21.165196064372267,23.08987810102534,25.01456013767841
-15.315698280557335,-12.904729471035894,-10.493760661514454,-8.082791851993013,-5.671823042471573,-3.260854232950132,-0.8498854234286917,1.561083386092747,3.9720521956141894,6.383021005135628,6.383021005135628,7.942506648919455,9.501992292703282,11.061477936487108,12.620963580270935,14.180449224054762,15.739934867838588,17.299420511622415,18.858906155406242,20.41839179919007
-4.3133968996122665,-3.8019714967471194,-3.2905460938819724,-2.779120691016826,-2.2676952881516788,-1.7562698852865317,-1.2448444824213851,-0.7334190795562381,-0.22199367669109105,0.2894317261740553,0.2894317261740553,4.205656751441835,8.121881776709616,12.038106801977396,15.954331827245175,19.870556852512955,23.786781877780736,27.703006903048514,31.619231928316296,35.53545695358408
-28.616709452317195,-25.10483933791709,-21.592969223516985,-18.08109910911688,-14.569228994716775,-11.05735888031667,-7.545488765916566,-4.033618651516459,-0.5217485371163555,2.990121577283748,2.990121577283748,3.5509320399933944,4.1117425027030405,4.672552965412686,5.233363428122333,5.7941738908319795,6.354984353541625,6.915794816251271,7.476605278960918,8.037415741670564
-20.850486404663574,-18.488335467983163,-16.126184531302755,-13.764033594622344,-11.401882657941934,-9.039731721261525,-6.677580784581114,-4.315429847900706,-1.9532789112202948,0.4088720254601174,0.4088720254601174,2.5849375962768155,4.761003167093514,6.937068737910212,9.113134308726911,11.28919987954361,13.465265450360308,15.641331021177006,17.817396591993703,19.9934621628104
-4.733163385226991,-3.259041274721948,-1.7849191642169049,-0.3107970537118616,1.1633250567931812,2.637447167298224,4.111569277803268,5.585691388308311,7.059813498813353,8.533935609318396,8.533935609318396,10.7277683264062,12.921601043494002,15.115433760581805,17.30926647766961,19.50309919475741,21.696931911845212,23.890764628933017,26.08459734602082,28.27843006310862
-18.235358758589154,-15.936469709736718,-13.637580660884282,-11.338691612031846,-9.03980256317941,-6.740913514326975,-4.442024465474539,-2.143135416622105,0.15575363223033278,2.4546426810827717,2.4546426810827717,4.393844917138618,6.333047153194464,8.27224938925031,10.211451625306156,12.150653861362002,14.089856097417849,16.029058333473692,17.96826056952954,19.907462805585386
-11.194809434957492,-9.869967022357361,-8.545124609757229,-7.220282197157098,-5.895439784556967,-4.570597371956835,-3.245754959356704,-1.920912546756572,-0.5960701341564416,0.7287722784436896,0.7287722784436896,3.9815614344254504,7.234350590407211,10.487139746388973,13.739928902370732,16.99271805835249,20.245507214334253,23.498296370316016,26.751085526297775,30.003874682279537
-25.407389204898617,-22.225919178314683,-19.04444915173075,-15.862979125146815,-12.68150909856288,-9.500039071978946,-6.318569045395012,-3.137099018811078,0.044371007772856075,3.225841034356789,3.225841034356789,4.513082426547237,5.800323818737685,7.087565210928133,8.374806603118582,9.66204799530903,10.949289387499478,12.236530779689925,13.523772171880374,14.811013564070823
-22.818120917214998,-20.237680192126586,-17.657239467038178,-15.076798741949766,-12.496358016861356,-9.915917291772946,-7.335476566684534,-4.755035841596126,-2.1745951165077138,0.4058456085806974,0.4058456085806974,2.1161123505966666,3.826379092612636,5.5366458346286045,7.246912576644574,8.957179318660543,10.667446060676513,12.377712802692482,14.087979544708451,15.79824628672442
-14.812954032418437,-13.061532295505907,-11.310110558593378,-9.558688821680846,-7.807267084768317,-6.0558453478557865,-4.304423610943257,-2.553001874030727,-0.8015801371181972,0.9498415997943321,0.9498415997943321,3.246967844962135,5.5440940901299385,7.841220335297741,10.138346580465544,12.435472825633347,14.73259907080115,17.029725315968953,19.326851561136756,21.62397780630456
-10.682768678654952,-8.244641047248118,-5.806513415841284,-3.36838578443445,-0.9302581530276157,1.5078694783792184,3.9459971097860524,6.384124741192885,8.82225237259972,11.260380004006556,11.260380004006556,15.194816846719139,19.12925368943172,23.0636905321443,26.998127374856885,30.932564217569464,34.86700106028205,38.80143790299463,42.73587474570721,46.67031158841979
-15.31066255931648,-13.595782214842261,-11.88090187036804,-10.166021525893822,-8.451141181419601,-6.736260836945382,-5.021380492471163,-3.3065001479969425,-1.5916198035227236,0.12326054095149529,0.12326054095149529,2.9566483571100686,5.790036173268642,8.623423989427215,11.456811805585788,14.290199621744362,17.123587437902934,19.956975254061508,22.79036307022008,25.623750886378655
-13.860245412361227,-11.694318807831094,-9.52839220330096,-7.362465598770825,-5.196538994240692,-3.0306123897105586,-0.8646857851804235,1.3012408193497098,3.467167423879843,5.633094028409978,5.633094028409978,7.074040461631993,8.514986894854008,9.955933328076021,11.396879761298038,12.837826194520051,14.278772627742066,15.719719060964081,17.160665494186098,18.60161192740811
-4.623086070261919,-3.3668150925575793,-2.1105441148532393,-0.8542731371488994,0.4019978405554401,1.6582688182597796,2.91453979596412,4.170810773668459,5.427081751372799,6.683352729077138,6.683352729077138,10.304119242286845,13.92488575549655,17.545652268706256,21.16641878191596,24.78718529512567,28.407951808335376,32.02871832154508,35.64948483475479,39.27025134796449
-17.407766140460293,-15.214410157047032,-13.021054173633772,-10.827698190220511,-8.63434220680725,-6.44098622339399,-4.2476302399807295,-2.054274256567469,0.13908172684579156,2.3324377102590503,2.3324377102590503,3.993028773132878,5.653619836006706,7.314210898880534,8.97480196175436,10.635393024628188,12.295984087502017,13.956575150375844,15.617166213249671,17.2777572761235
-34.629302147682644,-30.676923353060587,-26.724544558438534,-22.77216576381648,-18.819786969194425,-14.867408174572368,-10.915029379950315,-6.962650585328262,-3.0102717907062058,0.9421070039158533,0.9421070039158533,2.1883956335510626,3.434684263186272,4.680972892821481,5.927261522456691,7.1735501520919005,8.419838781727108,9.666127411362318,10.912416040997527,12.158704670632737
-21.449729512373626,-18.945000935193335,-16.440272358013047,-13.935543780832758,-11.430815203652468,-8.926086626472179,-6.421358049291889,-3.916629472111598,-1.4119008949313105,1.0928276822489782,1.0928276822489782,3.07184188412771,5.050856086006442,7.029870287885174,9.008884489763906,10.98789869164264,12.966912893521371,14.945927095400103,16.924941297278835,18.903955499157565
-7.087007155449061,-5.443631792462121,-3.800256429475181,-2.156881066488241,-0.5135057035013011,1.1298696594856397,2.7732450224725786,4.416620385459518,6.059995748446458,7.703371111433397,7.703371111433397,11.340812096940441,14.978253082447486,18.61569406795453,22.253135053461573,25.890576038968618,29.528017024475663,33.16545800998271,36.80289899548975,40.4403399809968
-28.672114963198226,-25.202660697417656,-21.73320643163709,-18.263752165856523,-14.794297900075954,-11.324843634295384,-7.8553893685148175,-4.385935102734251,-0.9164808369536814,2.5529734288268857,2.5529734288268857,3.4770855835444374,4.401197738261989,5.325309892979541,6.2494220476970925,7.173534202414644,8.097646357132195,9.021758511849747,9.945870666567298,10.86998282128485
-15.285345754729914,-13.559489993972655,-11.833634233215397,-10.107778472458138,-8.38192271170088,-6.656066950943622,-4.930211190186363,-3.2043554294291052,-1.4784996686718461,0.2473560920854131,0.2473560920854131,2.4535839351469346,4.659811778208456,6.866039621269978,9.0722674643315,11.27849530739302,13.484723150454544,15.690950993516065,17.897178836577588,20.10340667963911
9.47979115223675,11.417999168725505,13.35620718521426,15.294415201703014,17.23262321819177,19.170831234680524,21.10903925116928,23.047247267658033,24.985455284146788,26.923663300635543,26.923663300635543,28.8012403603616,30.678817420087658,32.55639447981371,34.43397153953977,36.31154859926583,38.189125658991884,40.06670271871794,41.944279778444,43.821856838170056
-10.011919010421352,-8.32525704785695,-6.638595085292545,-4.951933122728143,-3.2652711601637394,-1.5786091975993362,0.10805276496506622,1.7947147275294704,3.4813766900938727,5.168038652658274,5.168038652658274,7.69435438180273,10.220670110947186,12.74698584009164,15.273301569236096,17.79961729838055,20.325933027525007,22.85224875666946,25.378564485813918,27.904880214958375
-14.275605060633428,-12.299110467796476,-10.322615874959522,-8.34612128212257,-6.369626689285618,-4.3931320964486655,-2.416637503611714,-0.4401429107747603,1.5363516820621914,3.5128462748991436,3.5128462748991436,6.4778620490949255,9.442877823290708,12.40789359748649,15.372909371682272,18.337925145878057,21.302940920073837,24.267956694269618,27.2329724684654,30.197988242661186
-38.67986205914051,-34.067886894169604,-29.4559117291987,-24.843936564227796,-20.23196139925689,-15.619986234285982,-11.008011069315078,-6.396035904344174,-1.7840607393732668,2.8279144255976396,2.8279144255976396,4.301378777032285,5.77484312846693,7.248307479901576,8.721771831336222,10.195236182770866,11.668700534205513,13.14216488564016,14.615629237074803,16.08909358850945
-13.931663680804922,-12.100311122418784,-10.268958564032644,-8.437606005646504,-6.606253447260366,-4.774900888874226,-2.9435483304880883,-1.1121957721019502,0.7191567862841897,2.5505093446703295,2.5505093446703295,6.059882552477621,9.569255760284912,13.078628968092204,16.588002175899497,20.09737538370679,23.606748591514076,27.11612179932137,30.625495007128663,34.134868214935956
-3.311764287509643,-1.8436293399666435,-0.375494392423644,1.0926405551193552,2.560775502662355,4.0289104502053545,5.497045397748353,6.965180345291353,8.433315292834353,9.901450240377352,9.901450240377352,12.579874541057112,15.258298841736872,17.936723142416632,20.61514744309639,23.293571743776152,25.971996044455913,28.65042034513567,31.32884464581543,34.00726894649519
-26.168189128249146,-22.4359353323405,-18.70368153643185,-14.971427740523204,-11.239173944614556,-7.506920148705909,-3.7746663527972615,-0.042412556888614006,3.6898412390200335,7.422095034928682,7.422095034928682,8.457441940199429,9.492788845470177,10.528135750740923,11.56348265601167,12.598829561282418,13.634176466553164,14.669523371823912,15.70487027709466,16.740217182365406
-37.46723528607897,-33.25582692574214,-29.04441856540531,-24.83301020506848,-20.62160184473165,-16.41019348439482,-12.198785124057991,-7.987376763721162,-3.775968403384333,0.43543995695250015,0.43543995695250015,3.1579744530616702,5.88050894917084,8.603043445280012,11.32557794138918,14.04811243749835,16.770646933607523,19.493181429716692,22.21571592582586,24.93825042193503
-13.06150743727878,-11.593083688986013,-10.124659940693249,-8.656236192400485,-7.187812444107719,-5.719388695814954,-4.2509649475221885,-2.7825411992294224,-1.3141174509366582,0.1543062973561063,0.1543062973561063,3.2967257216718924,6.439145145987678,9.581564570303463,12.72398399461925,15.866403418935036,19.008822843250822,22.15124226756661,25.293661691882395,28.43608111619818
-26.762064479751068,-22.779157079487725,-18.79624967922438,-14.813342278961038,-10.830434878697695,-6.847527478434351,-2.864620078171008,1.1182873220923355,5.101194722355679,9.08410212261902,9.08410212261902,9.872810585348535,10.661519048078052,11.450227510807567,12.238935973537082,13.027644436266597,13.816352898996112,14.605061361725628,15.393769824455143,16.182478287184658
-44.8469912165491,-39.788741276644615,-34.73049133674013,-29.672241396835652,-24.613991456931167,-19.555741517026682,-14.4974915771222,-9.43924163721772,-4.380991697313235,0.6772582425912468,0.6772582425912468,2.4169969467376573,4.156735650884068,5.8964743550304775,7.636213059176888,9.375951763323298,11.115690467469708,12.85542917161612,14.59516787576253,16.33490657990894
-20.911116303301835,-18.115316391975632,-15.319516480649432,-12.52371656932323,-9.727916657997028,-6.932116746670825,-4.136316835344626,-1.3405169240184236,1.455282987307779,4.251082898633983,4.251082898633983,6.909237127478372,9.56739135632276,12.22554558516715,14.883699814011539,17.541854042855928,20.200008271700316,22.858162500544704,25.516316729389093,28.17447095823348
-21.36588213881604,-18.48771488550825,-15.60954763220046,-12.731380378892668,-9.853213125584878,-6.975045872277088,-4.096878618969296,-1.2187113656615054,1.6594558876462848,4.537623140954073,4.537623140954073,6.749596250961595,8.961569360969118,11.17354247097664,13.385515580984162,15.597488690991684,17.80946180099921,20.02143491100673,22.23340802101425,24.445381131021776
-26.529494684003538,-23.144209532664302,-19.758924381325066,-16.373639229985827,-12.98835407864659,-9.603068927307355,-6.217783775968115,-2.8324986246288795,0.5527865267103564,3.938071678049591,3.938071678049591,5.80857648157707,7.679081285104548,9.549586088632028,11.420090892159505,13.290595695686983,15.161100499214463,17.031605302741944,18.902110106269422,20.7726149097969
-17.263822412873836,-15.084430030876755,-12.905037648879674,-10.725645266882593,-8.546252884885511,-6.36686050288843,-4.187468120891349,-2.0080757388942683,0.1713166431028128,2.350709025099894,2.350709025099894,4.894472868042625,7.438236710985356,9.982000553928087,12.525764396870818,15.069528239813549,17.61329208275628,20.157055925699012,22.700819768641743,25.244583611584474
-19.42115046578401,-16.702728157682927,-13.984305849581848,-11.265883541480767,-8.547461233379686,-5.829038925278605,-3.1106166171775236,-0.39219430907644437,2.3262279990246384,5.044650307125721,5.044650307125721,7.254689811538325,9.46472931595093,11.674768820363532,13.884808324776136,16.09484782918874,18.304887333601343,20.51492683801395,22.72496634242655,24.935005846839154
-22.352224664328574,-19.686731059551313,-17.021237454774052,-14.355743849996792,-11.69025024521953,-9.02475664044227,-6.359263035665009,-3.6937694308877482,-1.0282758261104874,1.6372177786667717,1.6372177786667717,3.3293249561599265,5.021432133653081,6.713539311146237,8.405646488639391,10.097753666132546,11.789860843625702,13.481968021118856,15.17407519861201,16.866182376105165
-19.7057999137502,-17.12686584754089,-14.547931781331584,-11.968997715122276,-9.390063648912967,-6.811129582703659,-4.23219551649435,-1.65326145028504,0.9256726159242668,3.504606682133578,3.504606682133578,5.722028312260067,7.939449942386554,10.156871572513044,12.374293202639532,14.59171483276602,16.809136462892507,19.026558093018995,21.243979723145483,23.46140135327197
-27.838434921608588,-24.58741368797167,-21.336392454334746,-18.085371220697823,-14.834349987060904,-11.583328753423984,-8.332307519787062,-5.081286286150139,-1.8302650525132194,1.4207561811237017,1.4207561811237017,2.3302049002593304,3.2396536193949594,4.1491023385305885,5.058551057666217,5.967999776801846,6.877448495937475,7.786897215073104,8.696345934208733,9.605794653344361
-30.89674875101375,-27.162588706594484,-23.428428662175214,-19.694268617755945,-15.96010857333668,-12.22594852891741,-8.491788484498144,-4.757628440078879,-1.0234683956596093,2.710691648759659,2.710691648759659,3.890617951839259,5.070544254918859,6.25047055799846,7.4303968610780595,8.61032316415766,9.79024946723726,10.97017577031686,12.15010207339646,13.330028376476061
-24.73672052399769,-21.872596615381035,-19.008472706764376,-16.144348798147718,-13.280224889531063,-10.416100980914406,-7.551977072297749,-4.6878531636810905,-1.8237292550644355,1.0403946535522242,1.0403946535522242,2.5911277348149575,4.14186081607769,5.692593897340424,7.243326978603156,8.79406005986589,10.344793141128624,11.895526222391357,13.44625930365409,14.996992384916823
-21.01155035139018,-18.669097216501044,-16.326644081611907,-13.984190946722771,-11.641737811833634,-9.299284676944497,-6.956831542055362,-4.614378407166225,-2.2719252722770875,0.07052786261204894,0.07052786261204894,2.8837808049409994,5.697033747269949,8.5102866895989,11.32353963192785,14.136792574256802,16.95004551658575,19.7632984589147,22.576551401243652,25.389804343572603
-11.56618626199386,-9.746793426935549,-7.9274005918772374,-6.108007756818927,-4.288614921760616,-2.469222086702306,-0.649829251643995,1.169563583414316,2.988956418472627,4.808349253530939,4.808349253530939,7.470406764576955,10.132464275622972,12.794521786668987,15.456579297715002,18.118636808761018,20.780694319807036,23.44275183085305,26.104809341899067,28.766866852945082
-22.17425922763426,-18.574719969710948,-14.975180711787633,-11.37564145386432,-7.776102195941007,-4.176562938017696,-0.5770236800943813,3.0225155778289334,6.622054835752245,10.221594093675558,10.221594093675558,12.224269152242169,14.226944210808782,16.22961926937539,18.232294327942004,20.234969386508617,22.237644445075226,24.24031950364184,26.24299456220845,28.24566962077506
-10.065827766403299,-8.480116757323568,-6.894405748243837,-5.308694739164105,-3.7229837300843744,-2.137272721004644,-0.5515617119249114,1.0341492971548192,2.61986030623455,4.205571315314281,4.205571315314281,8.699894626507145,13.19421793770001,17.688541248892875,22.18286456008574,26.677187871278605,31.17151118247147,35.665834493664335,40.1601578048572,44.654481116050064
-12.697880327161064,-10.459175874916816,-8.220471422672567,-5.9817669704283185,-3.74306251818407,-1.5043580659398206,0.7343463863044271,2.9730508385486747,5.211755290792924,7.4504597430371735,7.4504597430371735,9.401671346726834,11.352882950416497,13.304094554106157,15.255306157795818,17.20651776148548,19.157729365175143,21.1089409688648,23.060152572554465,25.011364176244122
-28.840253198200593,-25.52634961530186,-22.21244603240313,-18.898542449504397,-15.584638866605664,-12.27073528370693,-8.956831700808198,-5.642928117909467,-2.329024535010735,0.9848790478879969,0.9848790478879969,2.946310298337073,4.907741548786149,6.869172799235225,8.8306040496843,10.792035300133378,12.753466550582454,14.71489780103153,16.676329051480604,18.63776030192968
-26.943566700267183,-22.901436193500675,-18.859305686734167,-14.81717517996766,-10.775044673201151,-6.732914166434643,-2.690783659668135,1.3513468470983732,5.393477353864881,9.435607860631384,9.435607860631384,10.736064028846437,12.036520197061492,13.336976365276545,14.637432533491598,15.937888701706653,17.238344869921704,18.53880103813676,19.839257206351814,21.139713374566867
-25.64383549821124,-22.652514901179934,-19.661194304148633,-16.66987370711733,-13.678553110086026,-10.687232513054724,-7.6959119160234195,-4.704591318992119,-1.7132707219608143,1.2780498750704916,1.2780498750704916,4.255442103027887,7.232834330985283,10.21022655894268,13.187618786900074,16.16501101485747,19.142403242814865,22.11979547077226,25.097187698729655,28.07457992668705
-26.6967795786613,-23.564806565012944,-20.43283355136459,-17.30086053771623,-14.168887524067873,-11.036914510419518,-7.904941496771158,-4.772968483122803,-1.640995469474447,1.4909775441739068,1.4909775441739068,3.2195492263908045,4.948120908607702,6.6766925908246,8.405264273041498,10.133835955258396,11.862407637475293,13.59097931969219,15.319551001909089,17.048122684125985
-25.156760073303843,-21.81389881622904,-18.47103755915424,-15.128176302079435,-11.785315045004634,-8.442453787929832,-5.099592530855027,-1.7567312737802254,1.586129983294576,4.9289912403693785,4.9289912403693785,6.503819437614732,8.078647634860086,9.653475832105439,11.228304029350792,12.803132226596146,14.3779604238415,15.952788621086853,17.527616818332206,19.10244501557756
-14.895709568639022,-12.688916918112911,-10.482124267586798,-8.275331617060687,-6.068538966534575,-3.861746316008464,-1.654953665482351,0.5518389850437604,2.7586316355698717,4.965424286095983,4.965424286095983,8.805751732420035,12.646079178744088,16.486406625068142,20.326734071392195,24.16706151771625,28.007388964040295,31.84771641036435,35.6880438566884,39.528371303012456
-17.233010326997597,-14.965535636403862,-12.698060945810127,-10.430586255216394,-8.163111564622659,-5.895636874028924,-3.6281621834351903,-1.3606874928414552,0.9067871977522799,3.1742618883460123,3.1742618883460123,6.548110973234374,9.921960058122737,13.295809143011098,16.66965822789946,20.043507312787824,23.417356397676187,26.79120548256455,30.165054567452913,33.538903652341276
-15.710714608223295,-13.788304403990178,-11.865894199757062,-9.943483995523945,-8.021073791290828,-6.098663587057711,-4.176253382824594,-2.2538431785914774,-0.3314329743583606,1.5909772298747569,1.5909772298747569,5.534426590157564,9.477875950440371,13.421325310723178,17.364774671005986,21.30822403128879,25.2516733915716,29.19512275185441,33.13857211213722,37.082021472420024
-41.04839196663486,-36.47911212001473,-31.9098322733946,-27.34055242677447,-22.77127258015434,-18.201992733534208,-13.632712886914078,-9.063433040293948,-4.494153193673817,0.07512665294631427,0.07512665294631427,2.2139806580459016,4.352834663145488,6.491688668245076,8.630542673344664,10.76939667844425,12.908250683543839,15.047104688643426,17.18595869374301,19.3248126988426
-22.15159671158023,-19.425334828536908,-16.699072945493587,-13.972811062450265,-11.246549179406944,-8.520287296363623,-5.794025413320302,-3.067763530276981,-0.3415016472336596,2.384760235809661,2.384760235809661,5.832823792684269,9.280887349558876,12.728950906433484,16.17701446330809,19.6250780201827,23.073141577057307,26.521205133931915,29.969268690806523,33.41733224768113
-21.0405173562328,-18.664872968458244,-16.289228580683687,-13.91358419290913,-11.537939805134574,-9.162295417360017,-6.78665102958546,-4.4110066418109035,-2.0353622540363467,0.3402821337382105,0.3402821337382105,2.4286453668910704,4.51700860004393,6.60537183319679,8.69373506634965,10.78209829950251,12.87046153265537,14.95882476580823,17.04718799896109,19.13555123211395
-31.815799626096425,-28.260224904335452,-24.704650182574476,-21.149075460813503,-17.59350073905253,-14.037926017291554,-10.48235129553058,-6.9267765737696045,-3.3712018520086318,0.1843728697523425,0.1843728697523425,2.559557517274404,4.934742164796466,7.309926812318528,9.68511145984059,12.060296107362651,14.435480754884713,16.810665402406773,19.185850049928835,21.561034697450896
-7.41198471181633,-5.738427661410416,-4.064870611004503,-2.391313560598589,-0.7177565101926762,0.9558005402132368,2.6293575906191515,4.3029146410250645,5.9764716914309775,7.65002874183689,7.65002874183689,10.65798543009879,13.66594211836069,16.67389880662259,19.681855494884488,22.689812183146387,25.697768871408286,28.705725559670185,31.713682247932084,34.72163893619398
-5.296004529092999,-3.7557037059556766,-2.215402882818354,-0.6751020596810315,0.8651987634562905,2.4054995865936126,3.9458004097309356,5.486101232868258,7.02640205600558,8.566702879142902,8.566702879142902,11.801554484013863,15.036406088884826,18.27125769375579,21.50610929862675,24.74096090349771,27.975812508368676,31.210664113239638,34.4455157181106,37.68036732298156
-7.999603756138001,-7.040589831609989,-6.081575907081977,-5.1225619825539646,-4.1635480580259525,-3.2045341334979405,-2.2455202089699284,-1.2865062844419164,-0.32749235991390435,0.6315215646141075,0.6315215646141075,4.588102820666142,8.544684076718177,12.501265332770211,16.457846588822246,20.41442784487428,24.371009100926315,28.32759035697835,32.28417161303038,36.240752869082414
-20.186901116023545,-17.869280305787182,-15.551659495550822,-13.23403868531446,-10.916417875078098,-8.598797064841737,-6.2811762546053735,-3.963555444369014,-1.6459346341326508,0.6716861761037138,0.6716861761037138,4.107215008429044,7.542743840754374,10.978272673079704,14.413801505405035,17.849330337730365,21.284859170055693,24.72038800238102,28.155916834706353,31.59144566703168
-14.154320483230153,-12.463352588382113,-10.772384693534073,-9.081416798686032,-7.390448903837993,-5.699481008989952,-4.008513114141913,-2.317545219293873,-0.626577324445833,1.0643905704022072,1.0643905704022072,4.807548091751441,8.550705613100675,12.293863134449909,16.037020655799143,19.780178177148375,23.52333569849761,27.266493219846847,31.00965074119608,34.752808262545315
-24.375550109878485,-21.642075686532056,-18.908601263185624,-16.175126839839194,-13.441652416492763,-10.708177993146332,-7.974703569799903,-5.24122914645347,-2.507754723107041,0.22571970023938662,0.22571970023938662,3.332257279036254,6.438794857833121,9.545332436629987,12.651870015426855,15.758407594223723,18.86494517302059,21.971482751817458,25.078020330614326,28.184557909411193
-2.8564502461114234,-1.763230543568587,-0.6700108410257508,0.4232088615170855,1.5164285640599218,2.6096482666027576,3.7028679691455944,4.796087671688431,5.889307374231267,6.982527076774103,6.982527076774103,11.396459295381664,15.810391513989225,20.224323732596787,24.63825595120435,29.052188169811913,33.46612038841947,37.88005260702703,42.293984825634595,46.70791704424216
-9.995601735065552,-8.109844836005655,-6.224087936945757,-4.338331037885861,-2.4525741388259634,-0.5668172397660669,1.3189396592938305,3.204696558353728,5.090453457413625,6.976210356473523,6.976210356473523,9.836204557954357,12.696198759435191,15.556192960916027,18.41618716239686,21.276181363877697,24.13617556535853,26.996169766839365,29.8561639683202,32.716158169801034
-38.812686808594,-34.476345576320234,-30.14000434404646,-25.803663111772693,-21.467321879498922,-17.13098064722515,-12.794639414951384,-8.458298182677613,-4.121956950403842,0.21438428186992836,0.21438428186992836,0.9611666731750845,1.7079490644802406,2.4547314557853968,3.2015138470905526,3.9482962383957085,4.695078629700865,5.441861021006021,6.188643412311177,6.935425803616333
-29.085281067466497,-24.812611375095912,-20.53994168272533,-16.26727199035475,-11.994602297984166,-7.721932605613581,-3.4492629132430004,0.8234067791275805,5.096076471498165,9.368746163868751,9.368746163868751,11.637185346955157,13.905624530041564,16.17406371312797,18.44250289621438,20.710942079300786,22.97938126238719,25.247820445473593,27.51625962856,29.784698811646408
-26.015935563875942,-22.455171299565013,-18.894407035254083,-15.333642770943156,-11.772878506632226,-8.212114242321299,-4.651349978010369,-1.09058571369944,2.4701785506114895,6.030942814922421,6.030942814922421,8.094097962803222,10.157253110684021,12.22040825856482,14.283563406445621,16.346718554326422,18.40987370220722,20.47302885008802,22.53618399796882,24.59933914584962
-40.40257368063837,-35.21965730360984,-30.036740926581317,-24.853824549552787,-19.67090817252426,-14.487991795495734,-9.305075418467204,-4.122159041438678,1.060757335589848,6.243673712618377,6.243673712618377,7.251233865149811,8.258794017681247,9.266354170212681,10.273914322744115,11.28147447527555,12.289034627806984,13.29659478033842,14.304154932869853,15.31171508540129
-24.98777100465421,-22.095702878626827,-19.203634752599445,-16.311566626572063,-13.41949850054468,-10.527430374517298,-7.6353622484899155,-4.743294122462533,-1.8512259964351507,1.0408421295922332,1.0408421295922332,3.568448099989194,6.096054070386154,8.623660040783115,11.151266011180075,13.678871981577036,16.206477951973994,18.734083922370953,21.261689892767915,23.789295863164877
-23.581499305265986,-20.805883191620097,-18.03026707797421,-15.254650964328324,-12.479034850682435,-9.703418737036547,-6.9278026233906616,-4.152186509744773,-1.3765703960988844,1.399045717547004,1.399045717547004,3.768439083293054,6.137832449039104,8.507225814785153,10.876619180531204,13.246012546277253,15.615405912023304,17.984799277769355,20.354192643515404,22.723586009261453
-11.394095096863941,-9.295641084932685,-7.197187073001429,-5.098733061070174,-3.0002790491389177,-0.9018250372076615,1.196628974723593,3.295082986654849,5.3935369985861055,7.491991010517362,7.491991010517362,10.944680157596096,14.39736930467483,17.850058451753565,21.302747598832298,24.755436745911034,28.20812589298977,31.6608150400685,35.113504187147235,38.56619333422597
-12.725278320886817,-11.300827715281361,-9.876377109675907,-8.451926504070451,-7.0274758984649965,-5.603025292859542,-4.178574687254086,-2.754124081648632,-1.329673476043176,0.0947771295622805,0.0947771295622805,5.013532703257128,9.932288276951974,14.851043850646821,19.76979942434167,24.688554998036516,29.607310571731364,34.52606614542621,39.44482171912106,44.363577292815904
-25.475914649783437,-20.79443321321898,-16.11295177665452,-11.43147034009006,-6.749988903525601,-2.0685074669611403,2.612973969603317,7.294455406167774,11.975936842732235,16.657418279296696,16.657418279296696,18.479575446278723,20.301732613260754,22.12388978024278,23.946046947224808,25.768204114206835,27.590361281188862,29.412518448170893,31.23467561515292,33.05683278213495
-8.603006494795315,-7.193091916169135,-5.783177337542956,-4.373262758916776,-2.9633481802905965,-1.553433601664417,-0.1435190230382375,1.266395555587943,2.6763101342141216,4.0862247128403,4.0862247128403,9.821882061518703,15.557539410197107,21.29319675887551,27.02885410755391,32.76451145623231,38.50016880491072,44.23582615358912,49.971483502267525,55.707140850945926
-17.57296790460353,-15.377475166188448,-13.181982427773367,-10.986489689358287,-8.790996950943205,-6.595504212528123,-4.400011474113043,-2.2045187356979614,-0.009025997282879672,2.1864667411321985,2.1864667411321985,5.472289292726598,8.758111844320997,12.043934395915395,15.329756947509795,18.615579499104193,21.901402050698593,25.187224602292993,28.473047153887393,31.758869705481793
-19.34784713576388,-17.05145764196987,-14.755068148175855,-12.458678654381844,-10.16228916058783,-7.865899666793817,-5.569510172999806,-3.2731206792057925,-0.9767311854117793,1.3196583083822344,1.3196583083822344,4.622009038705409,7.924359769028584,11.226710499351759,14.529061229674934,17.83141195999811,21.133762690321284,24.436113420644457,27.738464150967634,31.04081488129081
-27.759468487751953,-24.309287060054857,-20.859105632357757,-17.408924204660657,-13.958742776963561,-10.508561349266465,-7.058379921569365,-3.6081984938722655,-0.15801706617516942,3.2921643615219307,3.2921643615219307,5.772365013301089,8.252565665080247,10.732766316859406,13.212966968638565,15.693167620417723,18.173368272196882,20.653568923976042,23.1337695757552,25.61397022753436
-25.350609887218596,-22.339512705783186,-19.328415524347776,-16.317318342912365,-13.306221161476957,-10.295123980041547,-7.284026798606138,-4.272929617170728,-1.2618324357353181,1.7492647457000905,1.7492647457000905,4.173452893135132,6.597641040570174,9.021829188005217,11.446017335440258,13.870205482875301,16.294393630310342,18.718581777745385,21.142769925180428,23.56695807261547
-23.60962325129323,-19.92960529337942,-16.24958733546561,-12.569569377551801,-8.889551419637991,-5.209533461724181,-1.529515503810373,2.1505024541034388,5.830520412017247,9.510538369931053,9.510538369931053,10.710872377122435,11.911206384313816,13.111540391505198,14.31187439869658,15.51220840588796,16.71254241307934,17.912876420270724,19.113210427462107,20.313544434653487
-30.696911094548902,-26.888622364197573,-23.080333633846244,-19.27204490349492,-15.46375617314359,-11.655467442792261,-7.847178712440936,-4.038889982089607,-0.23060125173827828,3.5776874786130524,3.5776874786130524,7.094706382624069,10.611725286635085,14.1287441906461,17.64576309465712,21.162781998668137,24.679800902679148,28.196819806690165,31.713838710701182,35.2308576147122
-12.135714120216548,-10.759102217095947,-9.382490313975348,-8.005878410854748,-6.6292665077341475,-5.252654604613547,-3.8760427014929473,-2.499430798372348,-1.122818895251747,0.25379300786885284,0.25379300786885284,4.189584505188413,8.125376002507974,12.061167499827533,15.996958997147093,19.932750494466656,23.868541991786216,27.804333489105776,31.740124986425336,35.67591648374489
-25.226261749304296,-22.349114310532286,-19.471966871760277,-16.594819432988267,-13.717671994216259,-10.840524555444249,-7.963377116672241,-5.086229677900231,-2.2090822391282217,0.6680651996437889,0.6680651996437889,2.7561155449320007,4.8441658902202125,6.932216235508425,9.020266580796635,11.108316926084846,13.19636727137306,15.28441761666127,17.372467961949482,19.460518307237695
-25.508365828373083,-22.67160786257697,-19.834849896780856,-16.998091930984742,-14.161333965188627,-11.324575999392513,-8.487818033596398,-5.651060067800284,-2.81430210200417,0.022455863791942147,0.022455863791942147,2.282791144301082,4.543126424810222,6.803461705319362,9.063796985828501,11.32413226633764,13.584467546846781,15.844802827355922,18.105138107865063,20.365473388374202
-40.68213351012596,-36.15946888605592,-31.636804261985876,-27.114139637915834,-22.591475013845795,-18.068810389775756,-13.546145765705713,-9.02348114163567,-4.500816517565632,0.021848106504406235,0.021848106504406235,1.436507390760446,2.8511666750164855,4.265825959272526,5.680485243528565,7.095144527784605,8.509803812040644,9.924463096296684,11.339122380552723,12.753781664808763
-16.597715914973328,-14.465042239359109,-12.33236856374489,-10.19969488813067,-8.067021212516451,-5.934347536902232,-3.8016738612880125,-1.6690001856737933,0.463673489940426,2.5963471655546444,2.5963471655546444,5.709481144783404,8.822615124012163,11.935749103240923,15.048883082469683,18.162017061698442,21.275151040927202,24.388285020155962,27.501418999384722,30.61455297861348
1.3286890379580356,2.55114465278225,3.773600267606464,4.996055882430678,6.218511497254893,7.440967112079107,8.66342272690332,9.885878341727535,11.10833395655175,12.330789571375965,12.330789571375965,16.671133488260075,21.011477405144184,25.351821322028293,29.692165238912402,34.03250915579651,38.37285307268062,42.71319698956473,47.05354090644884,51.39388482333295
-31.57431147201341,-28.0314010038366,-24.48849053565979,-20.94558006748298,-17.402669599306165,-13.859759131129355,-10.316848662952545,-6.7739381947757344,-3.2310277265989242,0.31188274157788637,0.31188274157788637,1.4832974453337597,2.654712149089633,3.826126852845506,4.997541556601379,6.168956260357253,7.340370964113125,8.511785667868999,9.683200371624872,10.854615075380746
-36.36456191892266,-32.27249068780312,-28.18041945668358,-24.088348225564037,-19.996276994444496,-15.904205763324956,-11.812134532205413,-7.720063301085872,-3.627992069966332,0.4640791611532099,0.4640791611532099,2.183646025794018,3.903212890434826,5.622779755075634,7.342346619716443,9.06191348435725,10.781480348998059,12.501047213638868,14.220614078279675,15.940180942920485
-26.584062953328704,-23.24569580216826,-19.907328651007813,-16.56896149984737,-13.230594348686923,-9.892227197526477,-6.553860046366033,-3.2154928952055855,0.12287425595485857,3.4612414071153044,3.4612414071153044,6.386442566286778,9.311643725458252,12.236844884629726,15.1620460438012,18.087247202972673,21.01244836214415,23.93764952131562,26.862850680487092,29.788051839658564
-36.38517320671122,-32.30978984028778,-28.234406473864333,-24.159023107440888,-20.083639741017443,-16.008256374593998,-11.932873008170553,-7.857489641747108,-3.782106275323663,0.29327709109978367,0.29327709109978367,2.6883697002563496,5.083462309412916,7.478554918569482,9.873647527726048,12.268740136882615,14.66383274603918,17.058925355195747,19.454017964352314,21.84911057350888
-46.20134948911983,-40.94105467669482,-35.6807598642698,-30.42046505184479,-25.160170239419777,-19.899875426994765,-14.639580614569752,-9.379285802144743,-4.118990989719727,1.1413038227052816,1.1413038227052816,2.035208383373334,2.9291129440413854,3.823017504709438,4.7169220653774895,5.610826626045541,6.5047311867135935,7.398635747381646,8.292540308049698,9.18644486871775
-43.7038891108688,-38.55576859096801,-33.407648071067214,-28.25952755116643,-23.111407031265635,-17.963286511364842,-12.815165991464053,-7.667045471563263,-2.51892495166247,2.6291955682383237,2.6291955682383237,4.133811038766761,5.638426509295199,7.143041979823636,8.647657450352074,10.152272920880511,11.656888391408948,13.161503861937387,14.666119332465824,16.17073480299426
-14.70058158546466,-13.066599949947506,-11.43261831443035,-9.798636678913196,-8.164655043396042,-6.530673407878886,-4.8966917723617325,-3.262710136844577,-1.6287285013274229,0.005253134189731736,0.005253134189731736,3.9164482534991527,7.8276433728085735,11.738838492117994,15.650033611427414,19.561228730736836,23.47242385004626,27.383618969355677,31.2948140886651,35.20600920797452
-16.236400098448232,-13.531928118891667,-10.827456139335101,-8.122984159778538,-5.418512180221972,-2.7140402006654067,-0.009568221108843034,2.6949037584477225,5.399375738004288,8.103847717560853,8.103847717560853,12.4901220059825,16.876396294404145,21.26267058282579,25.648944871247437,30.035219159669083,34.42149344809073,38.807767736512375,43.19404202493402,47.58031631335567
-22.12281555703443,-19.10479643606946,-16.08677731510449,-13.068758194139525,-10.050739073174556,-7.032719952209588,-4.014700831244621,-0.9966817102796526,2.021337410685316,5.0393565316502835,5.0393565316502835,7.800159366293553,10.560962200936823,13.321765035580093,16.08256787022336,18.843370704866633,21.6041735395099,24.364976374153173,27.12577920879644,29.88658204343971
-3.220859581675671,-2.031286346413634,-0.8417131111515967,0.3478601241104404,1.5374333593724776,2.7270065946345143,3.916579829896552,5.10615306515859,6.295726300420626,7.485299535682663,7.485299535682663,12.109869873920916,16.734440212159168,21.35901055039742,25.983580888635675,30.60815122687393,35.23272156511218,39.857291903350436,44.481862241588686,49.10643257982694
-26.673369986185374,-22.946428941397418,-19.21948789660946,-15.492546851821505,-11.765605807033548,-8.038664762245592,-4.311723717457635,-0.5847826726696788,3.1421583721182778,6.869099416906235,6.869099416906235,8.918183404511263,10.967267392116291,13.016351379721318,15.065435367326348,17.114519354931375,19.1636033425364,21.21268733014143,23.261771317746458,25.310855305351485
-17.528102109525115,-15.344344443228813,-13.160586776932512,-10.97682911063621,-8.793071444339908,-6.609313778043607,-4.425556111747305,-2.2417984454510034,-0.05804077915470174,2.1257168871416017,2.1257168871416017,6.45660064963611,10.787484412130619,15.118368174625127,19.449251937119634,23.780135699614142,28.11101946210865,32.44190322460316,36.77278698709767,41.103670749592176
-29.223381933180903,-25.944238753573053,-22.665095573965203,-19.385952394357357,-16.106809214749507,-12.827666035141657,-9.548522855533811,-6.269379675925961,-2.9902364963181114,0.28890668328973756,0.28890668328973756,2.846432507029317,5.403958330768896,7.961484154508475,10.519009978248054,13.076535801987635,15.634061625727213,18.191587449466795,20.749113273206373,23.30663909694595
-11.954726228668475,-9.957750910925975,-7.960775593183475,-5.963800275440974,-3.966824957698474,-1.9698496399559744,0.02712567778652719,2.024100995529027,4.021076313271527,6.018051631014027,6.018051631014027,8.872483799797074,11.72691596858012,14.581348137363166,17.435780306146214,20.290212474929262,23.144644643712304,25.999076812495353,28.853508981278402,31.707941150061444
-19.206627848934808,-16.490766961197288,-13.774906073459766,-11.059045185722244,-8.343184297984724,-5.627323410247204,-2.91146252250968,-0.19560163477216008,2.52025925296536,5.236120140702882,5.236120140702882,9.200276652367835,13.164433164032788,17.12858967569774,21.092746187362692,25.056902699027646,29.0210592106926,32.98521572235755,36.949372234022505,40.91352874568746
-43.22250257366393,-38.30982423082008,-33.397145887976215,-28.48446754513236,-23.571789202288503,-18.659110859444645,-13.746432516600791,-8.83375417375693,-3.9210758309130753,0.9916025119307796,0.9916025119307796,2.3498932707303575,3.708184029529935,5.066474788329513,6.424765547129091,7.783056305928669,9.141347064728246,10.499637823527824,11.857928582327402,13.21621934112698
-2.6614882299936418,-1.9978970094440731,-1.3343057888945042,-0.6707145683449354,-0.007123347795366719,0.6564678727542019,1.320059093303771,1.9836503138533392,2.6472415344029083,3.3108327549524774,3.3108327549524774,8.809187671533534,14.307542588114591,19.80589750469565,25.304252421276708,30.802607337857765,36.30096225443882,41.79931717101988,47.29767208760094,52.796027004181994
-3.812033263297757,-3.385987973280221,-2.9599426832626845,-2.533897393245148,-2.107852103227612,-1.6818068132100756,-1.2557615231925396,-0.8297162331750036,-0.4036709431574672,0.022374346860069033,0.022374346860069033,5.695461513754662,11.368548680649255,17.041635847543848,22.71472301443844,28.387810181333034,34.06089734822763,39.73398451512222,45.40707168201681,51.0801588489114
-9.9097107043198,-8.483390529649643,-7.057070354979486,-5.630750180309329,-4.204430005639173,-2.778109830969017,-1.351789656298859,0.0745305183712972,1.5008506930414534,2.9271708677116086,2.9271708677116086,7.188502492807369,11.44983411790313,15.71116574299889,19.97249736809465,24.23382899319041,28.49516061828617,32.75649224338193,37.01782386847769,41.27915549357345
-26.73680512574633,-23.46094023575366,-20.18507534576099,-16.909210455768317,-13.633345565775649,-10.35748067578298,-7.081615785790309,-3.8057508957976367,-0.5298860058049684,2.7459788841877018,2.7459788841877018,5.236258127575622,7.726537370963544,10.216816614351465,12.707095857739386,15.197375101127307,17.68765434451523,20.177933587903148,22.668212831291072,25.15849207467899
-35.77386958233134,-31.605277384891,-27.436685187450657,-23.268092990010317,-19.099500792569973,-14.93090859512963,-10.76231639768929,-6.593724200248946,-2.4251320028086027,1.7434601946317347,1.7434601946317347,3.8270601061022127,5.91066001757269,7.994259929043168,10.077859840513646,12.161459751984124,14.245059663454603,16.32865957492508,18.412259486395556,20.495859397866035
-41.38658776805262,-36.53575936776268,-31.684930967472738,-26.8341025671828,-21.98327416689286,-17.132445766602917,-12.281617366312979,-7.430788966023037,-2.5799605657330957,2.2708678345568485,2.2708678345568485,3.794671068424867,5.318474302292885,6.842277536160903,8.366080770028923,9.88988400389694,11.413687237764957,12.937490471632977,14.461293705500996,15.985096939369015
-29.29306420448803,-25.569044728997135,-21.84502525350624,-18.121005778015345,-14.396986302524448,-10.672966827033552,-6.948947351542657,-3.224927876051762,0.49909159943913295,4.223111074930029,4.223111074930029,6.9403675677317125,9.657624060533395,12.374880553335078,15.092137046136763,17.809393538938444,20.52665003174013,23.24390652454181,25.961163017343495,28.67841951014518
-21.72319219412406,-18.96532740007509,-16.207462606026123,-13.449597811977155,-10.691733017928186,-7.933868223879218,-5.176003429830249,-2.4181386357812826,0.3397261582676876,3.097590952316659,3.097590952316659,5.597540646294921,8.097490340273183,10.597440034251445,13.097389728229707,15.59733942220797,18.09728911618623,20.59723881016449,23.097188504142753,25.597138198121016
-10.201000280679631,-7.905820079545165,-5.6106398784107,-3.315459677276234,-1.0202794761417682,1.2749007249926976,3.5700809261271633,5.865261127261631,8.160441328396095,10.455621529530562,10.455621529530562,14.63834131403061,18.821061098530656,23.003780883030707,27.18650066753075,31.369220452030802,35.55194023653085,39.7346600210309,43.91737980553094,48.100099590030986
-12.689795815424558,-11.077532450305174,-9.465269085185792,-7.853005720066408,-6.240742354947025,-4.6284789898276415,-3.0162156247082574,-1.4039522595888752,0.2083111055305089,1.8205744706498923,1.8205744706498923,7.405649794678315,12.990725118706738,18.575800442735158,24.16087576676358,29.745951090792005,35.33102641482043,40.91610173884885,46.501177062877275,52.0862523869057
-16.43050264122974,-14.090756883648407,-11.751011126067073,-9.411265368485738,-7.071519610904405,-4.731773853323071,-2.392028095741736,-0.05228233816040273,2.2874634194209307,4.627209177002263,4.627209177002263,9.31870816311301,14.010207149223756,18.701706135334504,23.393205121445252,28.084704107556,32.776203093666744,37.467702079777496,42.15920106588824,46.850700051998984
-38.100429542292446,-33.667344419963214,-29.23425929763398,-24.801174175304745,-20.368089052975513,-15.935003930646282,-11.501918808317047,-7.068833685987812,-2.6357485636585807,1.7973365586706496,1.7973365586706496,3.4059670509814595,5.014597543292269,6.623228035603079,8.231858527913888,9.840489020224696,11.449119512535507,13.057750004846318,14.666380497157126,16.275010989467937
-25.370793404862148,-22.006674742756672,-18.642556080651197,-15.27843741854572,-11.914318756440244,-8.550200094334766,-5.18608143222929,-1.8219627701238146,1.5421558919816611,4.906274554087138,4.906274554087138,8.269185157956008,11.632095761824877,14.995006365693747,18.357916969562616,21.720827573431485,25.083738177300354,28.446648781169223,31.809559385038092,35.17246998890696
-11.835949886997874,-9.965672329538183,-8.095394772078494,-6.2251172146188045,-4.354839657159115,-2.484562099699424,-0.6142845422397354,1.2559930152199534,3.126270572679644,4.9965481301393355,4.9965481301393355,9.233591856759759,13.47063558338018,17.707679310000604,21.944723036621024,26.181766763241445,30.41881048986187,34.6558542164823,38.89289794310272,43.12994166972314
