0,1,2,3,4,5,6,7,8,9,10,11,12,13,14,15,16,17,18,19
0.68,0.7150504471869832,0.7519075617975065,0.7906644680979135,0.8314190904239279,0.8742744005991535,0.9193386781067004,0.9667257836713029,1.0165554469431644,1.0689535690104015,1.0689535690104015,1.0165554469431644,0.9667257836713029,0.9193386781067003,0.8742744005991535,0.831419090423928,0.7906644680979134,0.7519075617975065,0.7150504471869831,0.68
0.68,0.7101727439921129,0.7416843033960105,0.7745940837038581,0.8089641263294489,0.8448592255684808,0.8823470507485579,0.9214982737991934,0.9623867024823066,1.0050894195343836,1.0050894195343836,0.9623867024823066,0.9214982737991935,0.882347050748558,0.8448592255684809,0.8089641263294489,0.7745940837038582,0.7416843033960105,0.710172743992113,0.6800000000000002
0.68,0.7105313773990758,0.7424335856891588,0.7757681739221364,0.8105994546459726,0.846994627983151,0.8850239112801265,0.9247606745779201,0.9662815821652179,1.0096667404870743,1.0096667404870743,0.9662815821652179,0.9247606745779202,0.8850239112801265,0.8469946279831508,0.8105994546459726,0.7757681739221364,0.7424335856891587,0.7105313773990759,0.68
0.68,0.7186455310101971,0.7594873518248945,0.8026502812466614,0.8482662317382221,0.8964746125669611,0.9474227558608008,1.0012663668775434,1.0581699998637693,1.1183075609575863,1.1183075609575863,1.0581699998637693,1.0012663668775434,0.9474227558608008,0.896474612566961,0.8482662317382221,0.8026502812466613,0.7594873518248945,0.7186455310101971,0.68
0.68,0.707102266580898,0.7352847285350638,0.7645904384256823,0.7950641647307095,0.8267524602328427,0.8597037331352602,0.8939683210117675,0.9295985677043244,0.9666489032854179,0.9666489032854179,0.9295985677043244,0.8939683210117675,0.85970373313526,0.8267524602328428,0.7950641647307094,0.7645904384256821,0.7352847285350638,0.707102266580898,0.6800000000000002
0.68,0.7112942229920752,0.7440286347969117,0.7782695142231232,0.8140861902908177,0.8515511826051263,0.8907403481898469,0.9317330350785112,0.9746122429738493,1.0194647913009525,1.0194647913009525,0.9746122429738493,0.9317330350785112,0.890740348189847,0.8515511826051263,0.8140861902908179,0.7782695142231232,0.7440286347969117,0.7112942229920752,0.68
0.68,0.7190502276392521,0.7603429851000884,0.804007053706069,0.8501786102807547,0.8990016518476464,0.9506284447192846,1.0052199993761024,1.0629465726160519,1.1239881985410805,1.1239881985410805,1.0629465726160519,1.0052199993761026,0.9506284447192848,0.8990016518476464,0.8501786102807548,0.8040070537060691,0.7603429851000884,0.7190502276392521,0.6800000000000002
0.68,0.7179354560902235,0.7579872339874663,0.8002733978578802,0.8449185983646617,0.8920544401118319,0.9418198695867601,0.9943615847450077,1.0498344674448594,1.1084020400062675,1.1084020400062675,1.0498344674448594,0.9943615847450078,0.94181986958676,0.8920544401118318,0.8449185983646617,0.8002733978578801,0.7579872339874664,0.7179354560902235,0.68
0.68,0.7100352434236716,0.7413971277995772,0.7741442501629172,0.8083377957492096,0.8440416523137414,0.881322529500449,0.9202500834832605,0.9608970471127809,1.003339365811486,1.003339365811486,0.9608970471127808,0.9202500834832605,0.8813225295004489,0.8440416523137414,0.8083377957492096,0.7741442501629172,0.7413971277995772,0.7100352434236715,0.68
0.68,0.7281534928628369,0.7797169252475727,0.8349317684754288,0.8940565934081308,0.9573682813340876,1.0251633206022162,1.0977591950755412,1.1754958709066936,1.2587373885978694,1.2587373885978694,1.1754958709066934,1.097759195075541,1.0251633206022162,0.9573682813340877,0.8940565934081307,0.8349317684754287,0.7797169252475727,0.7281534928628369,0.68
0.68,0.7106667420674917,0.742716497471798,0.7762116375559722,0.8112173464952579,0.8478017481506183,0.8860360386431234,0.9259946249071979,0.9677552694923636,1.0113992418952726,1.0113992418952726,0.9677552694923636,0.925994624907198,0.8860360386431233,0.8478017481506184,0.8112173464952579,0.7762116375559721,0.742716497471798,0.7106667420674917,0.6800000000000002
0.68,0.7117434373745094,0.7449687068318854,0.7797449825543666,0.8161446678805466,0.8542435460473199,0.8941209379686903,0.9358598673799353,0.9795472336909524,1.025273992908662,1.025273992908662,0.9795472336909523,0.9358598673799353,0.8941209379686903,0.8542435460473198,0.8161446678805466,0.7797449825543664,0.7449687068318855,0.7117434373745094,0.6799999999999999
0.68,0.7196857360772966,0.7616875863428237,0.806140722408933,0.8531882046893479,0.9029814428004711,0.9556806828323474,1.0114555230574285,1.0704854597368123,1.1329604647804865,1.1329604647804865,1.070485459736812,1.0114555230574285,0.9556806828323474,0.9029814428004711,0.8531882046893478,0.806140722408933,0.7616875863428236,0.7196857360772966,0.68
0.68,0.7267906947845943,0.7768010500374609,0.830252610097248,0.8873821637342674,0.9484427931174777,1.0137049949607249,1.0834578788148805,1.1580104478142794,1.2376929675511168,1.2376929675511168,1.1580104478142794,1.083457878814881,1.0137049949607249,0.9484427931174778,0.8873821637342674,0.8302526100972482,0.7768010500374609,0.7267906947845946,0.68
0.68,0.7299552714040355,0.7835804386037339,0.841145105482179,0.9029386820035588,0.9692718392398674,1.040478071289156,1.1169153719379752,1.198968034497535,1.2870485838623693,1.2870485838623693,1.198968034497535,1.1169153719379752,1.040478071289156,0.9692718392398674,0.902938682003559,0.841145105482179,0.783580438603734,0.7299552714040356,0.68
0.68,0.7252284642664115,0.7734651843856144,0.8249102468169351,0.8797770462598125,0.9382931708174168,1.000701346034672,1.067260441726553,1.138246545773,1.2139541093345596,1.2139541093345596,1.138246545773,1.067260441726553,1.000701346034672,0.9382931708174168,0.8797770462598123,0.8249102468169351,0.7734651843856143,0.7252284642664114,0.6799999999999999
0.68,0.720074353336085,0.762510403429972,0.8074473318556977,0.8550325225572628,0.9054220452378565,0.9587811672365957,1.01528489557163,1.075118550927406,1.138478375468648,1.138478375468648,1.0751185509274062,1.0152848955716303,0.9587811672365958,0.9054220452378567,0.8550325225572629,0.8074473318556978,0.7625104034299721,0.720074353336085,0.68
0.68,0.749067634352687,0.8251504718157803,0.908961046923603,1.0012842663791248,1.102984759898789,1.2150149776830181,1.3384241103472074,1.474367914850562,1.6241195384450209,1.6241195384450207,1.474367914850562,1.3384241103472074,1.2150149776830181,1.1029847598987892,1.0012842663791248,0.908961046923603,0.8251504718157805,0.749067634352687,0.6800000000000002
0.68,0.7122558813569764,0.7460418243052985,0.781430407499613,0.8184976523717324,0.8573231864391826,0.8979904143603108,0.9405866971034109,0.9852035396147605,1.0319367873887115,1.0319367873887118,0.9852035396147606,0.9405866971034109,0.8979904143603107,0.8573231864391827,0.8184976523717323,0.781430407499613,0.7460418243052984,0.7122558813569762,0.68
0.68,0.7215265622892346,0.76558908836606,0.8123424456689887,0.8619509591546687,0.9145889888540831,0.9704415426992261,1.0297049267741678,1.0925874352759608,1.1593100826104052,1.1593100826104052,1.0925874352759608,1.0297049267741678,0.9704415426992261,0.9145889888540831,0.8619509591546687,0.8123424456689887,0.76558908836606,0.7215265622892345,0.68
0.68,0.7447609949138659,0.8156896169780755,0.8933732510022084,0.9784552224203523,1.0716401248947787,1.173699655303316,1.2854790044319988,1.4079038562965605,1.54198805405661,1.54198805405661,1.4079038562965605,1.2854790044319986,1.173699655303316,1.0716401248947787,0.9784552224203524,0.8933732510022085,0.8156896169780757,0.744760994913866,0.68
0.68,0.7162224487908123,0.7543744061057467,0.7945586535973125,0.8368834479226439,0.8814628123877268,0.9284168441270206,0.9778720376460184,1.0299616255983717,1.0848259377156344,1.0848259377156344,1.0299616255983717,0.9778720376460185,0.9284168441270205,0.8814628123877267,0.8368834479226439,0.7945586535973125,0.7543744061057467,0.7162224487908122,0.68
0.68,0.718305233797917,0.7587682483845294,0.8015105941974784,0.8466606687595986,0.8943541023836236,0.9447341656041098,0.9979521995605002,1.0541680706241918,1.1135506506353074,1.1135506506353074,1.0541680706241918,0.9979521995605002,0.9447341656041099,0.8943541023836236,0.8466606687595986,0.8015105941974785,0.7587682483845294,0.7183052337979169,0.68
0.68,0.7201842753357719,0.7627432212366336,0.8078171677258488,0.8555547375624061,0.9061133362962761,0.9596596712832531,1.0163703013707273,1.0764322190668785,1.1400434671128774,1.1400434671128772,1.0764322190668782,1.0163703013707273,0.9596596712832529,0.906113336296276,0.8555547375624059,0.8078171677258488,0.7627432212366335,0.7201842753357718,0.6799999999999999
0.68,0.7226091383151209,0.7678881864360606,0.816004442239592,0.86713568657068,0.9214708401104846,0.9792106614040408,1.040568488626696,1.1057710278300064,1.1750591905795094,1.1750591905795091,1.1057710278300064,1.040568488626696,0.9792106614040407,0.9214708401104846,0.8671356865706799,0.816004442239592,0.7678881864360607,0.7226091383151206,0.68
0.68,0.7185933800432842,0.7593771262382821,0.8024755527516512,0.8480200291969289,0.8961493810662141,0.9470103128883351,1.0007578554033483,1.057555838116412,1.1175773886714422,1.1175773886714424,1.057555838116412,1.0007578554033483,0.9470103128883351,0.8961493810662143,0.8480200291969291,0.8024755527516511,0.7593771262382821,0.7185933800432842,0.68
0.68,0.7185105186680277,0.7592020079949975,0.8021979831445497,0.8476289543288769,0.8956328229601165,0.9463553002370342,0.9999503494375713,1.0565806532598014,1.116418107629858,1.116418107629858,1.0565806532598014,0.9999503494375713,0.9463553002370341,0.8956328229601165,0.8476289543288766,0.8021979831445497,0.7592020079949975,0.7185105186680277,0.68
0.68,0.718821485538039,0.7598593059869312,0.8032399928373958,0.8490973013160892,0.8975726227917222,0.9488154207256171,1.002983691510864,1.0602444516209788,1.1207742525700815,1.1207742525700815,1.0602444516209786,1.002983691510864,0.9488154207256173,0.8975726227917222,0.8490973013160892,0.8032399928373958,0.7598593059869313,0.718821485538039,0.68
0.68,0.7248428326864804,0.7726428413190604,0.8235950378774096,0.8779072944729274,0.9358011914145306,0.9975129212004289,1.0632942521239483,1.1334135554246698,1.2081569001754011,1.2081569001754011,1.1334135554246698,1.0632942521239483,0.997512921200429,0.9358011914145308,0.8779072944729275,0.8235950378774096,0.7726428413190605,0.7248428326864805,0.68
0.68,0.716328846456117,0.7545985533311049,0.7949128106545958,0.8373808480726418,0.8821177308004713,0.9292446713864546,0.9788893581319892,1.031186301057142,1.0862771963494307,1.0862771963494307,1.031186301057142,0.9788893581319892,0.9292446713864546,0.8821177308004712,0.8373808480726417,0.7949128106545957,0.7545985533311048,0.716328846456117,0.68
0.68,0.7334241968000407,0.7910456653702718,0.8531941643475666,0.9202253598545529,0.9925228609211085,1.070500414818739,1.154604274871388,1.245315754293296,1.3431539806691137,1.3431539806691137,1.245315754293296,1.154604274871388,1.070500414818739,0.9925228609211085,0.9202253598545529,0.8531941643475667,0.7910456653702719,0.7334241968000407,0.68
0.68,0.7315747107506844,0.7870611138381582,0.8467558922047972,0.9109782307590619,0.9800715230407808,1.0544052073287382,1.134376742008143,1.2204137307601628,1.3129762089368084,1.3129762089368084,1.2204137307601628,1.1343767420081425,1.0544052073287382,0.9800715230407808,0.9109782307590618,0.8467558922047971,0.787061113838158,0.7315747107506844,0.6799999999999998
0.68,0.7245954121302618,0.7721154577650352,0.8227519387226492,0.8767092354701614,0.9342051320498653,0.9954716951057025,1.0607562105575394,1.1303221817039337,1.2044503927819685,1.2044503927819685,1.1303221817039337,1.0607562105575394,0.9954716951057025,0.9342051320498653,0.8767092354701614,0.8227519387226491,0.7721154577650352,0.7245954121302617,0.6799999999999999
0.68,0.7184959408461927,0.7591712014889052,0.8021491568780962,0.8475601664266293,0.8955419694124362,0.9462401027650597,0.9998083425037935,1.0564091701663758,1.1162142656429939,1.1162142656429936,1.0564091701663756,0.9998083425037934,0.9462401027650595,0.8955419694124361,0.8475601664266292,0.8021491568780961,0.7591712014889053,0.7184959408461926,0.68
0.68,0.7158396354544666,0.7535682113052703,0.7932852848100574,0.8350956604262123,0.8791096663663337,0.9254434457296679,0.9742192629777218,1.0255658265627816,1.0796186285606773,1.0796186285606773,1.0255658265627818,0.9742192629777221,0.9254434457296675,0.8791096663663336,0.8350956604262123,0.7932852848100577,0.75356821130527,0.7158396354544666,0.68
0.68,0.718037887749309,0.7582035415345431,0.8006159844816305,0.8454008976404757,0.8926909924163778,0.9426264038345447,0.9953551058030641,1.0510333496048854,1.1098261269181953,1.1098261269181953,1.0510333496048854,0.995355105803064,0.9426264038345445,0.892690992416378,0.8454008976404758,0.8006159844816305,0.7582035415345431,0.7180378877493091,0.6800000000000002
0.68,0.7407484802271981,0.8069239867042702,0.8790113482500883,0.9575387063510489,1.043081384541554,1.1362661034594674,1.237775572457766,1.348353491412412,1.4688099993717365,1.4688099993717365,1.3483534914124122,1.237775572457766,1.1362661034594677,1.0430813845415543,0.9575387063510489,0.8790113482500884,0.8069239867042702,0.7407484802271982,0.68
0.68,0.7206880701503813,0.763810727142766,0.809513645448058,0.8579512160270013,0.9092870678848123,0.9636946208332413,1.0213576713273709,1.0824710133561914,1.1472410964844135,1.1472410964844135,1.0824710133561914,1.0213576713273709,0.9636946208332414,0.9092870678848124,0.8579512160270013,0.8095136454480582,0.7638107271427661,0.7206880701503814,0.68
0.68,0.7178131855674833,0.7577290726096149,0.799864587363239,0.844343158055628,0.8912950764647343,0.9408578795849476,0.9931767525163806,1.0484049537578692,1.1067042641495088,1.1067042641495088,1.0484049537578692,0.9931767525163806,0.9408578795849476,0.8912950764647342,0.844343158055628,0.7998645873632388,0.757729072609615,0.7178131855674833,0.68
0.68,0.7274760103183873,0.7782666846893502,0.8326034452081275,0.8907338713196359,0.9529228278868536,1.0194536720182992,1.090629544153385,1.166774749288332,1.2482362346360474,1.2482362346360474,1.166774749288332,1.090629544153385,1.0194536720182992,0.9529228278868537,0.890733871319636,0.8326034452081275,0.7782666846893501,0.7274760103183872,0.68
0.68,0.7187984510162204,0.7598106076225263,0.8031627762128899,0.8489884697878125,0.8974288191383984,0.9486330074911715,1.0027587299522245,1.0599726791656638,1.1204510586820478,1.1204510586820478,1.059972679165664,1.0027587299522245,0.9486330074911716,0.8974288191383984,0.8489884697878126,0.8031627762128899,0.7598106076225263,0.7187984510162205,0.68
0.68,0.721874697034047,0.7663280562029372,0.8135188726473316,0.8636157201820176,0.9167975534709328,0.9732543472843899,1.0331877751220415,1.0968119296257424,1.1643540873557519,1.1643540873557519,1.0968119296257421,1.0331877751220415,0.9732543472843899,0.9167975534709327,0.8636157201820176,0.8135188726473315,0.7663280562029372,0.7218746970340472,0.6799999999999999
0.68,0.7198348534477398,0.7620032591737191,0.8066419182264912,0.8538955396931911,0.9039173098157748,0.956869388588402,1.0129234354458245,1.0722611657469503,1.135074939857586,1.135074939857586,1.0722611657469503,1.0129234354458245,0.956869388588402,0.9039173098157748,0.8538955396931912,0.8066419182264912,0.7620032591737189,0.7198348534477398,0.68
0.68,0.7196069391564969,0.7615208042385033,0.8058759632971519,0.8528146107177308,0.9024872230684202,0.9550530415001655,1.010680582244172,1.0695481768435804,1.1318445438512068,1.1318445438512068,1.0695481768435804,1.0106805822441718,0.9550530415001655,0.9024872230684201,0.8528146107177308,0.8058759632971518,0.7615208042385033,0.7196069391564969,0.6799999999999999
0.68,0.7353897000105962,0.795291192473051,0.8600719874320973,0.9301295306253048,1.0058936419081463,1.0878291523020556,1.1764387558443967,1.2722660937371322,1.3758990897161802,1.3758990897161807,1.2722660937371324,1.1764387558443967,1.0878291523020556,1.0058936419081463,0.9301295306253048,0.8600719874320972,0.7952911924730507,0.7353897000105959,0.6799999999999998
0.68,0.7181121988003087,0.7583604853909032,0.8008645818343101,0.8457509202975386,0.8931530191356619,0.9432118800538889,0.9960764075295163,1.0519038517413726,1.110860276324281,1.110860276324281,1.0519038517413726,0.9960764075295163,0.9432118800538888,0.8931530191356618,0.8457509202975385,0.8008645818343101,0.7583604853909031,0.7181121988003087,0.6799999999999999
0.68,0.7224552723905326,0.7675612067718804,0.8154832951688011,0.8663973619722138,0.9204902090324627,0.9779603010284796,1.0390184936274376,1.1038888071064872,1.1728092482749666,1.1728092482749666,1.1038888071064872,1.0390184936274376,0.9779603010284796,0.9204902090324628,0.866397361972214,0.8154832951688014,0.7675612067718806,0.7224552723905329,0.6800000000000002
0.68,0.7738894614142398,0.8807424977765028,1.0023490253660148,1.1407460991023428,1.2982520356539808,1.4775052480179405,1.6815084420960538,1.9136789156135472,2.1779058019469915,2.1779058019469915,1.9136789156135472,1.6815084420960533,1.47750524801794,1.2982520356539804,1.1407460991023426,1.0023490253660146,0.8807424977765027,0.7738894614142394,0.6799999999999997
0.68,0.7256001805652567,0.7742582677004898,0.8261793218347325,0.8815821545625928,0.9407002507848902,1.0037827526872036,1.0710955097031254,1.142922198887093,1.2195655204184042,1.2195655204184042,1.142922198887093,1.0710955097031254,1.0037827526872036,0.9407002507848902,0.8815821545625929,0.8261793218347326,0.7742582677004899,0.7256001805652569,0.68
0.68,0.7345622660638026,0.7935025334188068,0.8571720868757161,0.9259503978559772,1.000247386046715,1.08050586252775,1.1672041689317758,1.2608590283671215,1.3620286250946425,1.3620286250946427,1.2608590283671215,1.167204168931776,1.0805058625277502,1.0002473860467151,0.9259503978559774,0.8571720868757161,0.7935025334188069,0.7345622660638027,0.6800000000000002
0.68,0.7216187732978794,0.7657847852587297,0.8126539372773302,0.8623916725496452,0.9151735600699729,0.9711859143710984,1.0306264531950755,1.093704995416139,1.1606442016793486,1.1606442016793486,1.093704995416139,1.0306264531950755,0.9711859143710984,0.9151735600699727,0.8623916725496453,0.8126539372773302,0.7657847852587297,0.7216187732978795,0.6800000000000002
0.68,0.7263598543422403,0.7758803500001185,0.8287769676663124,0.8852798787004502,0.945634946683787,1.0101047972561288,1.078969960890235,1.1525300935762997,1.2311052807281317,1.2311052807281317,1.1525300935762997,1.078969960890235,1.0101047972561288,0.945634946683787,0.8852798787004502,0.8287769676663121,0.7758803500001182,0.7263598543422403,0.68
0.68,0.725039070528622,0.773061255577953,0.8242641385381302,0.8788583895231782,0.9370686321561275,0.9991343677647143,1.0653109607901923,1.1358706894636386,1.2111038660726787,1.2111038660726787,1.1358706894636388,1.0653109607901923,0.9991343677647144,0.9370686321561273,0.8788583895231781,0.8242641385381301,0.7730612555779529,0.7250390705286219,0.68
0.68,0.7379837397565867,0.8009117649192905,0.8692056757208619,0.9433230223325482,1.0237603703227354,1.1110566275078828,1.205796654484718,1.3086151830332546,1.4202010686428403,1.4202010686428403,1.3086151830332546,1.205796654484718,1.111056627507883,1.0237603703227354,0.9433230223325484,0.869205675720862,0.8009117649192905,0.7379837397565869,0.6800000000000002
0.68,0.7405302911192823,0.8064486942135424,0.8782348327922347,0.9564110241157759,1.0415460795855092,1.1342594434258886,1.2352256997720121,1.3451794809561575,1.4649208127061004,1.4649208127061004,1.3451794809561577,1.2352256997720121,1.1342594434258886,1.0415460795855094,0.9564110241157759,0.8782348327922347,0.8064486942135426,0.7405302911192824,0.6800000000000002
0.68,0.7271520210114956,0.7775736200898564,0.8314915137258294,0.8891481392053595,0.9508027447085113,1.0167325549971633,1.0872340179328952,1.1626241374299313,1.243241898836649,1.243241898836649,1.1626241374299313,1.0872340179328952,1.0167325549971633,0.9508027447085113,0.8891481392053594,0.8314915137258292,0.7775736200898564,0.7271520210114956,0.68
0.68,0.726271102372639,0.7756907560905419,0.8284732066560938,0.8848472780651713,0.9450573648115016,1.009364491392692,1.0780474439111303,1.1514039786755037,1.229752113042501,1.229752113042501,1.1514039786755037,1.0780474439111303,1.009364491392692,0.9450573648115015,0.8848472780651713,0.8284732066560937,0.7756907560905418,0.7262711023726391,0.6799999999999999
0.68,0.7253823988791155,0.7737935655935589,0.8254356365404116,0.8805242384617549,0.939289388774403,1.00197645598658,1.0688471842116762,1.1401807860568431,1.2162751084496888,1.2162751084496888,1.1401807860568434,1.0688471842116762,1.00197645598658,0.9392893887744029,0.8805242384617549,0.8254356365404116,0.773793565593559,0.7253823988791154,0.68
0.68,0.7250827900859589,0.7731544889394689,0.8244132558936966,0.8790703878930165,0.9373511904932568,0.9994959066077145,1.0657607068273773,1.1364187453976156,1.211761286204247,1.211761286204247,1.1364187453976153,1.0657607068273773,0.9994959066077144,0.9373511904932568,0.8790703878930165,0.8244132558936967,0.7731544889394688,0.725082790085959,0.6799999999999999
0.68,0.7274386049884359,0.7781866529816496,0.8324750195082224,0.8905506865864447,0.9526778663557898,1.0191392030959048,1.0902370591016342,1.1662948902640997,1.247658717615967,1.247658717615967,1.1662948902640997,1.0902370591016342,1.0191392030959048,0.9526778663557898,0.8905506865864445,0.8324750195082223,0.7781866529816496,0.7274386049884359,0.68
0.68,0.7268638754643333,0.7769574903750437,0.830503430183892,0.8877396203674797,0.948920383622856,1.014317569922369,1.0842217644490262,1.1589435787797011,1.2388150310534076,1.2388150310534076,1.158943578779701,1.0842217644490262,1.014317569922369,0.948920383622856,0.8877396203674796,0.830503430183892,0.7769574903750437,0.7268638754643333,0.6799999999999999
0.68,0.7317719805956046,0.7874856346835496,0.8474410626220114,0.9119612129896366,0.9813936221408769,1.056112286202829,1.1365196755970528,1.223048902937543,1.316166055982187,1.316166055982187,1.2230489029375433,1.1365196755970532,1.0561122862028292,0.9813936221408771,0.9119612129896366,0.8474410626220114,0.7874856346835497,0.7317719805956046,0.6800000000000002
0.68,0.7302362088941509,0.7841837070295617,0.8421166724968068,0.9043295387803315,0.971138491161684,1.042883073672197,1.1199279147621537,1.2026645804568337,1.2915135644177538,1.2915135644177538,1.2026645804568334,1.1199279147621537,1.042883073672197,0.9711384911616839,0.9043295387803314,0.8421166724968068,0.7841837070295617,0.730236208894151,0.6800000000000002
0.68,0.7254687052748665,0.7739777093135164,0.825730303951888,0.8809433742855854,0.939848307593288,1.0026919630359958,1.0697377061959386,1.1412665127906958,1.2175781461879822,1.2175781461879822,1.1412665127906958,1.0697377061959386,1.0026919630359958,0.9398483075932882,0.8809433742855853,0.825730303951888,0.7739777093135166,0.7254687052748666,0.68
0.68,0.7316700413690287,0.7872662491719942,0.8470869545589895,0.9114531574784416,0.9807102491737986,1.0552298655647405,1.1354118814582177,1.2216865562903245,1.3145168429131289,1.3145168429131289,1.2216865562903245,1.1354118814582175,1.05522986556474,0.9807102491737982,0.9114531574784412,0.8470869545589893,0.7872662491719941,0.7316700413690285,0.6799999999999998
0.68,0.7299683110245161,0.7836084339705656,0.8411901838971468,0.9030032026320622,0.9693584156986107,1.0405895963013463,1.1170550442379072,1.1991393881820016,1.2872555204032168,1.2872555204032166,1.1991393881820016,1.117055044237907,1.0405895963013463,0.9693584156986107,0.9030032026320621,0.8411901838971467,0.7836084339705656,0.729968311024516,0.6799999999999998
0.68,0.7279016850610218,0.779177739874522,0.8340658673775045,0.8928205151705416,0.9557140550730688,1.023038045770866,1.0951045844090415,1.1722477533961635,1.2548251691265655,1.2548251691265655,1.1722477533961635,1.0951045844090415,1.023038045770866,0.9557140550730687,0.8928205151705416,0.8340658673775047,0.7791777398745221,0.7279016850610219,0.6800000000000002
0.68,0.7496076060262021,0.8263405338416673,0.9109281607874501,1.0041745262790172,1.106965974524279,1.2202795795817742,1.3451924328425797,1.4828918812171892,1.6346868133454535,1.6346868133454535,1.4828918812171892,1.3451924328425795,1.220279579581774,1.106965974524279,1.0041745262790174,0.91092816078745,0.8263405338416673,0.749607606026202,0.6799999999999999
0.68,0.7423113513470914,0.8103325622628598,0.8845868519616094,0.9656453845051347,1.0541316621971883,1.1507263215637502,1.2561723688097866,1.3712808950236315,1.4969373150903535,1.4969373150903535,1.3712808950236313,1.2561723688097866,1.1507263215637502,1.0541316621971881,0.9656453845051347,0.8845868519616095,0.8103325622628598,0.7423113513470913,0.6800000000000002
0.68,0.7876576065491607,0.9123595664040478,1.05680434174418,1.2241176153073268,1.4179199279524048,1.6424050246019846,1.9024306039151684,2.203623435449553,2.552501118973285,2.552501118973285,2.2036234354495527,1.9024306039151684,1.6424050246019843,1.4179199279524044,1.2241176153073263,1.05680434174418,0.9123595664040478,0.7876576065491605,0.6799999999999998
0.68,0.7411887119158896,0.8078833921640232,0.8805794864945469,0.9598170225506599,1.0461846214989237,1.1403238706397056,1.2429340894799779,1.3547775246735498,1.476685012419685,1.476685012419685,1.3547775246735498,1.2429340894799779,1.1403238706397056,1.0461846214989239,0.9598170225506601,0.8805794864945471,0.8078833921640233,0.7411887119158899,0.6800000000000003
0.68,0.7391245266610343,0.8033898028116148,0.8732428054815242,0.9491693753848314,1.031697596033034,1.1214014666547696,1.2189048944679355,1.3248860340712219,1.4400820041363334,1.4400820041363334,1.3248860340712216,1.2189048944679355,1.1214014666547691,1.0316975960330337,0.9491693753848311,0.8732428054815242,0.8033898028116147,0.7391245266610342,0.6799999999999999
0.68,0.7331566486617487,0.790468634524892,0.8522607867066153,0.9188833267171286,0.990713853422189,1.0681594831732042,1.1516591572346053,1.2416861295863781,1.3387506492019505,1.3387506492019505,1.2416861295863777,1.151659157234605,1.068159483173204,0.9907138534221888,0.9188833267171284,0.8522607867066152,0.7904686345248919,0.7331566486617486,0.68
0.68,0.7290327347549472,0.7816010710945253,0.8379599505109377,0.8983826975531018,0.9631623453730358,1.0326130568533727,1.1070716482080587,1.1868992224452763,1.272482920614412,1.272482920614412,1.1868992224452761,1.1070716482080585,1.0326130568533725,0.9631623453730358,0.8983826975531017,0.8379599505109379,0.7816010710945253,0.7290327347549472,0.68
0.68,0.7315633154431946,0.7870365948562339,0.846716324570807,0.9109214730042581,0.9799951954402847,1.0543066680804354,1.1342530611688102,1.2202616617356576,1.3127921573052352,1.312792157305235,1.2202616617356579,1.1342530611688102,1.0543066680804354,0.9799951954402846,0.9109214730042582,0.8467163245708069,0.7870365948562338,0.7315633154431945,0.68
0.68,0.7293054494156624,0.7821859390402667,0.8389006879387849,0.899727710635741,0.9649651799366532,1.0349328885649505,1.1099738167792808,1.1904558136556347,1.2767734002758981,1.2767734002758981,1.1904558136556347,1.1099738167792808,1.0349328885649507,0.9649651799366532,0.8997277106357411,0.8389006879387848,0.7821859390402668,0.7293054494156624,0.68
0.68,0.737199630172948,0.799210727539899,0.8664380187833325,0.9393202750218447,1.0183331755294935,1.1039924123429212,1.1968570560190326,1.2975332045104617,1.4066779389738713,1.4066779389738713,1.2975332045104617,1.1968570560190326,1.1039924123429212,1.0183331755294938,0.9393202750218447,0.8664380187833325,0.799210727539899,0.737199630172948,0.68
0.68,0.7543279885061611,0.8367804621231633,0.9282454747273847,1.0297081496927274,1.1422612901560527,1.2671171490468642,1.405620485650268,1.5592630493288533,1.7296996464003187,1.7296996464003187,1.5592630493288533,1.4056204856502685,1.2671171490468645,1.1422612901560532,1.0297081496927276,0.9282454747273847,0.8367804621231634,0.7543279885061612,0.6800000000000003
0.68,0.7297935745226041,0.7832333256095292,0.8405862476203013,0.9021388858020039,0.9681987679195349,1.0390959407182037,1.115184618895097,1.1968449548177658,1.2844849378320617,1.2844849378320617,1.1968449548177658,1.115184618895097,1.0390959407182039,0.9681987679195349,0.9021388858020039,0.8405862476203014,0.7832333256095291,0.7297935745226042,0.6800000000000002
0.68,0.7288878472279108,0.7812904321125563,0.8374604428268901,0.8976687342803307,0.9622056341961672,1.0313823430879574,1.1055324348856759,1.1850134654477218,1.270208696715112,1.270208696715112,1.1850134654477218,1.1055324348856759,1.0313823430879572,0.9622056341961672,0.8976687342803308,0.8374604428268903,0.7812904321125563,0.728887847227911,0.68
0.68,0.7403719222922824,0.8061037989981903,0.8776714988697083,0.9555931393519334,1.040432837516629,1.1328047940120594,1.2333777395950316,1.3428797764360052,1.462103649246111,1.462103649246111,1.3428797764360052,1.2333777395950316,1.1328047940120596,1.0404328375166292,0.9555931393519334,0.8776714988697086,0.8061037989981903,0.7403719222922825,0.6800000000000002
0.68,0.7638269238834546,0.8579876024253837,0.9637559280745902,1.0825628322289091,1.2160156441940708,1.3659198366160512,1.534303451579161,1.7234445378286432,1.9359019703138158,1.9359019703138158,1.7234445378286432,1.5343034515791607,1.365919836616051,1.2160156441940713,1.0825628322289094,0.9637559280745903,0.8579876024253839,0.763826923883455,0.6800000000000002
0.68,0.7438290736661156,0.8136495453396936,0.890023805292471,0.9735670332816029,1.0649521537025337,1.1649152558636624,1.27426152304205,1.3938717180775613,1.5247092777456313,1.5247092777456315,1.3938717180775613,1.27426152304205,1.1649152558636626,1.064952153702534,0.973567033281603,0.8900238052924714,0.8136495453396938,0.7438290736661158,0.6800000000000003
0.68,0.742284063987439,0.8102729877201594,0.8844893033296531,0.9655034038661082,1.05393792708153,1.1504725407420222,1.2558491662469746,1.370877680701531,1.4964421412658928,1.4964421412658928,1.3708776807015308,1.2558491662469746,1.1504725407420222,1.05393792708153,0.9655034038661082,0.884489303329653,0.8102729877201593,0.742284063987439,0.68
0.68,0.7352561066460269,0.7950022681768731,0.8596033418742475,0.9294538329505481,1.0049803037094804,1.0866439784726092,1.1749435601795877,1.2704182758624492,1.373651169592033,1.373651169592033,1.2704182758624492,1.1749435601795877,1.0866439784726092,1.0049803037094804,0.9294538329505481,0.8596033418742475,0.795002268176873,0.7352561066460269,0.68
0.68,0.737135499366993,0.7990716829809207,0.8662119177414183,0.9389934625617073,1.0178903160702442,1.1034163035842142,1.1961284234591634,1.2966304746082713,1.405576988815925,1.405576988815925,1.2966304746082713,1.1961284234591634,1.1034163035842142,1.0178903160702442,0.9389934625617073,0.8662119177414184,0.7990716829809208,0.7371354993669931,0.68
0.68,0.7378973693614037,0.800724305456588,0.868900527323755,0.9428814902190222,1.0231614283120245,1.1102766564463225,1.20480915302223,1.3073904479377125,1.4187058415609781,1.4187058415609781,1.3073904479377123,1.20480915302223,1.1102766564463227,1.0231614283120245,0.9428814902190223,0.868900527323755,0.8007243054565881,0.7378973693614039,0.6800000000000002
0.68,0.7436787549406049,0.813320721397071,0.8894843256705416,0.9727802880203705,1.063876519743753,1.163503478843497,1.2724600272285211,1.3916198364132275,1.5219383930800547,1.5219383930800547,1.3916198364132275,1.2724600272285211,1.1635034788434973,1.0638765197437532,0.9727802880203704,0.8894843256705418,0.8133207213970711,0.743678754940605,0.6800000000000002
0.68,0.7338926254219053,0.792056449483319,0.8548299811671555,0.9225785576001788,0.9956964702869847,1.0746092598562342,1.1597761926743855,1.2516929337406268,1.350894431419052,1.350894431419052,1.2516929337406268,1.1597761926743853,1.0746092598562342,0.9956964702869846,0.9225785576001786,0.8548299811671553,0.792056449483319,0.7338926254219051,0.6799999999999999
0.68,0.7351291970560928,0.7947278475946112,0.8591583007063874,0.9288122819740642,1.0041132750932809,1.0855190965774812,1.1735246792000866,1.2686650810968656,1.3715187388232963,1.3715187388232963,1.2686650810968654,1.1735246792000866,1.0855190965774812,1.004113275093281,0.9288122819740644,0.8591583007063875,0.7947278475946115,0.7351291970560928,0.6800000000000002
0.68,0.7364985149456172,0.7976912684074996,0.8639682861282487,0.935751999549361,1.0134999382727885,1.097707646228505,1.1889118401349161,1.2876938303832748,1.3946832261498756,1.3946832261498758,1.2876938303832748,1.1889118401349164,1.0977076462285054,1.0134999382727885,0.935751999549361,0.8639682861282489,0.7976912684074997,0.7364985149456175,0.6800000000000002
0.68,0.7436783887607313,0.8133199204555255,0.8894830117520167,0.9727783720732093,1.0638739005363107,1.1635000414638796,1.27245564141015,1.3916143546667692,1.5219316486101289,1.521931648610129,1.3916143546667694,1.27245564141015,1.1635000414638796,1.063873900536311,0.9727783720732093,0.8894830117520165,0.8133199204555255,0.7436783887607312,0.68
0.68,0.7322876318217525,0.7885958466457509,0.8492338014774806,0.9145344255101889,0.9848562480534165,1.0605853670174894,1.1421375687618258,1.229960610945958,1.3245366809171344,1.3245366809171344,1.2299606109459578,1.1421375687618258,1.0605853670174894,0.9848562480534165,0.9145344255101892,0.8492338014774806,0.7885958466457508,0.7322876318217525,0.68
0.68,0.7372888023894025,0.7994040854835287,0.8667524717813918,0.939774841011407,1.0189492162426343,1.1047938931458121,1.1978708328891197,1.2987893408794342,1.408210055431058,1.408210055431058,1.298789340879434,1.1978708328891197,1.1047938931458123,1.0189492162426343,0.9397748410114068,0.8667524717813918,0.7994040854835287,0.7372888023894025,0.68
0.68,0.7323227186880695,0.7886714180980667,0.8493558780193402,0.9147097143011992,0.9850922129227082,1.0608903051853005,1.1425206948869335,1.2304321491720316,1.3251079656512743,1.3251079656512743,1.2304321491720318,1.1425206948869338,1.0608903051853003,0.9850922129227082,0.9147097143011993,0.8493558780193401,0.7886714180980666,0.7323227186880696,0.6800000000000002
0.68,0.7368628811480662,0.7984807435497484,0.8652512076960555,0.9376051438525871,1.0160094524683299,1.1009700770874742,1.193035269206595,1.2927991261453389,1.4009054247605244,1.4009054247605244,1.2927991261453389,1.1930352692065953,1.1009700770874744,1.0160094524683299,0.9376051438525871,0.8652512076960557,0.7984807435497486,0.7368628811480661,0.68
0.68,0.7348256657661082,0.7940717045126532,0.8580945131390275,0.9272792233935743,1.002042018648916,1.0828326374695658,1.1701370790321244,1.2644805266726322,1.3664305071477885,1.3664305071477885,1.2644805266726322,1.1701370790321242,1.0828326374695656,1.0020420186489158,0.9272792233935739,0.8580945131390275,0.7940717045126531,0.7348256657661081,0.6799999999999999
0.68,0.7332012884795704,0.7905648962177971,0.852416471372951,0.9191071398997889,0.9910154988607321,1.0685497656881073,1.1521500955986221,1.2422910803158382,1.3394844422856615,1.3394844422856615,1.2422910803158382,1.1521500955986221,1.0685497656881073,0.9910154988607321,0.919107139899789,0.8524164713729511,0.7905648962177975,0.7332012884795704,0.6800000000000002
0.68,0.7399283990793077,0.8051382878883343,0.8760951241098087,0.9533053862114091,1.037320188607484,1.1287392154249722,1.228215000952108,1.3364575873230644,1.4542395926843372,1.4542395926843372,1.3364575873230646,1.2282150009521084,1.1287392154249725,1.037320188607484,0.9533053862114093,0.8760951241098088,0.8051382878883344,0.7399283990793079,0.6800000000000003
0.68,0.7350206610000732,0.7944931942602714,0.8587778129488886,0.9282638760674841,1.003372246720018,1.0845578411959944,1.1723123843069003,1.2671673876644551,1.3696973689395058,1.3696973689395056,1.2671673876644551,1.1723123843069,1.084557841195994,1.003372246720018,0.9282638760674842,0.8587778129488886,0.7944931942602713,0.7350206610000732,0.68
0.68,0.7448862496077179,0.8159640071391931,0.8938240721952924,0.9791136190391903,1.0725415759205033,1.1748845176996694,1.286993120752175,1.4097992338059124,1.5443236234845887,1.5443236234845887,1.4097992338059127,1.2869931207521752,1.1748845176996692,1.0725415759205033,0.9791136190391903,0.8938240721952924,0.8159640071391934,0.744886249607718,0.68
0.68,0.7354917744316469,0.7955119856714891,0.8604301792987741,0.9306460578632286,1.00659194186124,1.0887354315413535,1.1775822859278753,1.273679536788776,1.3776188567206693,1.3776188567206693,1.273679536788776,1.1775822859278753,1.0887354315413538,1.00659194186124,0.9306460578632286,0.8604301792987742,0.7955119856714891,0.7354917744316469,0.68
0.68,0.7369453346109935,0.7986594503013372,0.8655416997684574,0.9380248787582852,1.0165780266911195,1.1017094618206917,1.1939700705669813,1.2939568723080817,1.4023168826989323,1.4023168826989325,1.2939568723080819,1.1939700705669816,1.101709461820692,1.0165780266911195,0.9380248787582854,0.8655416997684576,0.7986594503013372,0.7369453346109939,0.6800000000000002
0.68,0.7403468250406747,0.8060491490408932,0.8775822475281805,0.9554635745140408,1.0402565056374768,1.1325744134950182,1.2330851046372662,1.342515650328159,1.461657646011572,1.461657646011572,1.342515650328159,1.2330851046372662,1.1325744134950184,1.0402565056374766,0.955463574514041,0.8775822475281805,0.8060491490408931,0.7403468250406747,0.68
0.68,0.7412977850585784,0.8081211854893443,0.8809683012678875,0.960382132995152,1.0469546294104988,1.1413310997629813,1.244215023930543,1.3563732961416437,1.4786419413858876,1.4786419413858873,1.3563732961416435,1.244215023930543,1.1413310997629813,1.0469546294104985,0.9603821329951517,0.8809683012678873,0.8081211854893443,0.7412977850585784,0.68
0.68,0.7458461739846555,0.8180684047758073,0.8972841025878916,0.9841704630771089,1.079470256521718,1.1839981775837618,1.2986478099347845,1.424399265284428,1.5623275621160955,1.5623275621160952,1.4243992652844282,1.2986478099347842,1.1839981775837618,1.0794702565217178,0.9841704630771088,0.8972841025878916,0.8180684047758071,0.7458461739846551,0.6799999999999998
0.68,0.7345546446950137,0.7934860677103205,0.8571454066726442,0.9259119700740989,1.0001954973479998,1.0804386002647244,1.1671194001944596,1.2607543769507337,1.3619014461893082,1.3619014461893082,1.2607543769507337,1.1671194001944598,1.0804386002647244,1.0001954973479998,0.9259119700740989,0.8571454066726443,0.7934860677103205,0.7345546446950137,0.68
0.68,0.7423476599588659,0.8104118356564765,0.8847166614743448,0.9658343284883822,1.0543894906783724,1.151064075132809,1.256602533290525,1.3718175736567706,1.4975964201390486,1.4975964201390486,1.3718175736567708,1.256602533290525,1.1510640751328092,1.0543894906783724,0.9658343284883822,0.8847166614743447,0.8104118356564766,0.742347659958866,0.6800000000000002
0.68,0.7422951415690688,0.8102971723485939,0.8845289033257583,0.9655610404648924,1.0540165723903892,1.1505755600274534,1.2559803650242487,1.3710413571524198,1.4966431445654464,1.4966431445654464,1.3710413571524198,1.255980365024249,1.1505755600274536,1.0540165723903892,0.9655610404648923,0.8845289033257583,0.810297172348594,0.7422951415690688,0.68
0.68,0.7357132362271274,0.7959911264114603,0.8612076582650764,0.9317674607732136,1.0081083146714618,1.0907038686094357,1.1800665778530819,1.2767508837584736,1.3813566537438111,1.3813566537438111,1.2767508837584736,1.1800665778530817,1.090703868609436,1.0081083146714616,0.9317674607732138,0.8612076582650763,0.7959911264114604,0.7357132362271276,0.6800000000000002
0.68,0.7352396997044915,0.7949667882669865,0.8595457980595047,0.9293708741875406,1.0048681800761,1.0864984984731627,1.1747600437452779,1.2701915026295785,1.3733753220008353,1.3733753220008353,1.2701915026295785,1.174760043745278,1.086498498473163,1.0048681800761001,0.9293708741875408,0.8595457980595049,0.7949667882669866,0.7352396997044917,0.6800000000000003
0.68,0.7505860250634837,0.8284990897361775,0.914499762549694,1.0094275613142272,1.1142091482887817,1.22986737603448,1.3575312722543784,1.4984470610893939,1.6539903284575694,1.653990328457569,1.4984470610893934,1.3575312722543782,1.22986737603448,1.1142091482887817,1.0094275613142272,0.9144997625496939,0.8284990897361775,0.7505860250634838,0.68
0.68,0.7398278659642293,0.8049195165546846,0.8757380708906048,0.9527873943097458,1.036615683308526,1.1278193658929385,1.2270473450907393,1.3350056158169925,1.4524622879413929,1.452462287941393,1.3350056158169927,1.2270473450907395,1.1278193658929385,1.0366156833085263,0.9527873943097459,0.8757380708906051,0.8049195165546847,0.7398278659642293,0.6800000000000002
0.68,0.7404112511289848,0.8061894423505713,0.877811373026125,0.9557962014081252,1.0407092078072366,1.1331658920794274,1.2338364351341482,1.3434505568032369,1.4628028052832585,1.4628028052832587,1.343450556803237,1.2338364351341486,1.1331658920794276,1.0407092078072369,0.9557962014081254,0.8778113730261251,0.8061894423505716,0.740411251128985,0.6800000000000002
0.68,0.7646155647725519,0.85976023807713,0.9667442058916594,1.087040686733005,1.2223062185545575,1.3744034700369046,1.5454268903935626,1.7377315509014157,1.9539655753170122,1.9539655753170124,1.7377315509014157,1.545426890393563,1.3744034700369048,1.2223062185545577,1.0870406867330047,0.9667442058916595,0.8597602380771301,0.764615564772552,0.6800000000000003
0.68,0.7556419193879396,0.8396981034357196,0.9331045390979114,1.0369013307552122,1.152244282040849,1.2804177660075375,1.4228490269475782,1.5811240731204854,1.7570053373577066,1.7570053373577064,1.5811240731204854,1.4228490269475782,1.2804177660075375,1.1522442820408492,1.0369013307552128,0.9331045390979116,0.8396981034357199,0.75564191938794,0.6800000000000003
0.68,0.7491844014404196,0.8254077461200588,0.9093861885606502,1.0019087461102871,1.103844712136113,1.2161518234483328,1.3398852586923737,1.4762075522533646,1.6263995168187704,1.6263995168187706,1.4762075522533646,1.339885258692374,1.2161518234483328,1.1038447121361132,1.0019087461102874,0.9093861885606502,0.8254077461200588,0.7491844014404199,0.6800000000000003
0.68,0.7418371011049452,0.8092974773173363,0.8828924919185851,0.9631800099885358,1.0507686271354817,1.1463222827738362,1.2505652929190383,1.3642878406492882,1.4883519658529312,1.4883519658529312,1.3642878406492882,1.2505652929190383,1.1463222827738364,1.0507686271354815,0.9631800099885359,0.8828924919185851,0.8092974773173363,0.7418371011049453,0.6800000000000002
0.68,0.7429207667715965,0.8116636260301423,0.8867672991337169,0.9688203556182331,1.0584658256762183,1.1564062394307455,1.2634091324960997,1.3803130609709406,1.5080341730020301,1.5080341730020304,1.3803130609709406,1.2634091324960999,1.1564062394307455,1.0584658256762185,0.9688203556182331,0.886767299133717,0.8116636260301423,0.7429207667715962,0.6800000000000002
0.68,0.765242305804737,0.8611702744019858,0.9691234212851081,1.0906091786964582,1.2273239450551292,1.3811767730637545,1.5543160272694898,1.749159383319063,1.9684275878103987,1.9684275878103987,1.7491593833190628,1.55431602726949,1.3811767730637547,1.2273239450551292,1.090609178696458,0.9691234212851081,0.8611702744019858,0.7652423058047368,0.6800000000000002
0.68,0.7443764346688135,0.8148474654268448,0.8919900751666973,0.9764358704596368,1.0688762528463,1.1700680796998384,1.2808398610099276,1.4020985428239245,1.5348369328847231,1.5348369328847231,1.4020985428239245,1.2808398610099279,1.1700680796998382,1.0688762528463,0.9764358704596369,0.8919900751666973,0.8148474654268449,0.7443764346688136,0.6800000000000002
0.68,0.7488861220401832,0.82475062321233,0.908300435099568,1.0003141036604806,1.1016490439888225,1.2132495300030361,1.336155493516248,1.4715122146795154,1.6205809940972118,1.6205809940972116,1.4715122146795152,1.336155493516248,1.213249530003036,1.1016490439888225,1.0003141036604803,0.9083004350995681,0.82475062321233,0.7488861220401835,0.68
0.68,0.7469895067761155,0.8205784165200358,0.9014168626873933,0.9902190259684256,1.0877694438359997,1.1949299416723278,1.3126472467085655,1.4419613520439079,1.584014704637499,1.584014704637499,1.4419613520439079,1.3126472467085653,1.1949299416723278,1.0877694438359995,0.9902190259684255,0.9014168626873934,0.8205784165200359,0.7469895067761156,0.68
0.68,0.7521635725033936,0.831985352648629,0.92027805164513,1.0179406279733285,1.1259674401952453,1.2454583710878773,1.3776300261789927,1.5238281207040216,1.6855411811027488,1.685541181102749,1.5238281207040216,1.3776300261789929,1.2454583710878775,1.125967440195245,1.0179406279733285,0.92027805164513,0.8319853526486288,0.7521635725033934,0.68
0.68,0.754359284338863,0.836849896865061,0.9283610136737921,1.029879043945681,1.142498262568318,1.2674326054550453,1.40602875470413,1.5597806546448088,1.7303456152403838,1.7303456152403838,1.5597806546448088,1.4060287547041297,1.267432605455045,1.142498262568318,1.029879043945681,0.9283610136737919,0.8368498968650608,0.754359284338863,0.68
0.68,0.7423070942518774,0.8103232679068608,0.8845716329479815,0.9656232331047856,1.0541014357472303,1.15068672620038,1.2561219413529552,1.3712179828113809,1.4968600535391716,1.4968600535391716,1.3712179828113809,1.256121941352955,1.15068672620038,1.0541014357472303,0.9656232331047856,0.8845716329479815,0.8103232679068608,0.7423070942518774,0.68
0.68,0.7397716977307431,0.8047973011226852,0.8755386261480131,0.9524980821975852,1.0362222402243888,1.1273057145252205,1.2263953857292513,1.3341949949854084,1.4514701419767881,1.4514701419767877,1.3341949949854082,1.2263953857292513,1.1273057145252205,1.0362222402243888,0.9524980821975852,0.8755386261480131,0.8047973011226852,0.7397716977307431,0.68
0.68,0.7440534502883758,0.8141404954206417,0.8908294774076705,0.9747422739467174,1.0665593412823413,1.1670252320859165,1.2769546330987038,1.397238971498261,1.5288536435597975,1.5288536435597977,1.397238971498261,1.2769546330987038,1.1670252320859167,1.0665593412823415,0.9747422739467174,0.8908294774076706,0.8141404954206416,0.7440534502883757,0.68
0.68,0.7463741932010114,0.8192271121712655,0.8991911395517981,0.9869603842889284,1.0832967066838366,1.1890363315418548,1.3050971068253558,1.432486470817278,1.5723101969523676,1.5723101969523676,1.4324864708172782,1.305097106825356,1.1890363315418546,1.0832967066838368,0.9869603842889285,0.8991911395517981,0.8192271121712655,0.7463741932010114,0.68
0.68,0.750939431623465,0.8292794558337832,0.9157921223835842,1.0113300233352578,1.1168346954516528,1.2333458991468083,1.362011865441817,1.5041006119107252,1.6610124391363907,1.6610124391363905,1.5041006119107252,1.3620118654418167,1.2333458991468083,1.1168346954516528,1.0113300233352578,0.9157921223835842,0.829279455833783,0.7509394316234648,0.6799999999999999
0.68,0.7394805550745468,0.8041639578431762,0.8745053087012005,0.9509995163147081,1.0341847797059203,1.124646374921444,1.2230207729257148,1.330000117692366,1.4463370960005344,1.446337096000534,1.3300001176923657,1.2230207729257148,1.1246463749214437,1.0341847797059203,0.9509995163147079,0.8745053087012002,0.8041639578431761,0.7394805550745468,0.68
0.68,0.7470609513885602,0.8207353898376187,0.9016755311328709,0.9905979119586881,1.0882897331637922,1.1956158285937424,1.3135263211830337,1.443065034083695,1.5853787312913679,1.5853787312913679,1.443065034083695,1.3135263211830337,1.1956158285937424,1.088289733163792,0.9905979119586881,0.9016755311328711,0.8207353898376187,0.7470609513885603,0.6800000000000002
0.68,0.741814330545012,0.8092477955910943,0.8828111937226975,0.9630617568662435,1.0506073712400519,1.1461111820030792,1.2502966164820095,1.3639528640269047,1.4879408540045147,1.4879408540045147,1.3639528640269047,1.2502966164820095,1.1461111820030792,1.0506073712400519,0.9630617568662433,0.8828111937226975,0.8092477955910942,0.7418143305450119,0.68
0.68,0.7402840730597744,0.8059125129793665,0.877359114173829,0.9551396743775259,1.0398157183664434,1.1319985517998319,1.2323536744472727,1.341605584661774,1.4605430097840555,1.4605430097840557,1.3416055846617738,1.232353674447273,1.131998551799832,1.0398157183664434,0.9551396743775261,0.8773591141738291,0.8059125129793667,0.7402840730597744,0.68
0.68,0.7479970740929823,0.8227935630171508,0.9050693789990716,0.9955724225624384,1.0951253810652442,1.2046332070614194,1.3250913444664518,1.45759477730418,1.6033479832893218,1.6033479832893214,1.4575947773041795,1.3250913444664518,1.2046332070614192,1.0951253810652442,0.9955724225624383,0.9050693789990717,0.8227935630171508,0.7479970740929823,0.6799999999999999
0.68,0.7454923649535696,0.8172924503000972,0.8960077671072312,0.982304337231672,1.0769123286279234,1.1806322334065975,1.2943416409157338,1.4190026631531683,1.5556700753374542,1.5556700753374542,1.4190026631531683,1.294341640915734,1.1806322334065975,1.0769123286279234,0.9823043372316721,0.8960077671072312,0.8172924503000972,0.7454923649535697,0.68
0.68,0.765371038749519,0.8614600396419375,0.9696125961499283,1.0913432351468946,1.2283566257597636,1.3825714509008884,1.556147275766827,1.7515147895601328,1.9714098439276233,1.9714098439276233,1.7515147895601328,1.556147275766827,1.3825714509008884,1.2283566257597636,1.0913432351468948,0.9696125961499286,0.8614600396419374,0.7653710387495188,0.68
0.68,0.7456027947131711,0.8175345992413106,0.8964060028956374,0.9828865014068386,1.0777101799041031,1.1816819441578437,1.2956843529796789,1.4206851097761402,1.5577452768477624,1.5577452768477624,1.4206851097761402,1.2956843529796787,1.1816819441578437,1.0777101799041031,0.9828865014068386,0.8964060028956374,0.8175345992413106,0.7456027947131711,0.6799999999999999
0.68,0.7596062111131828,0.8485317587672431,0.9478676386564568,1.0588325671126921,1.1827879330995836,1.3212545006061285,1.4759310663553848,1.6487153017330198,1.8417270346378634,1.8417270346378634,1.6487153017330198,1.475931066355385,1.3212545006061285,1.1827879330995836,1.0588325671126921,0.947867638656457,0.8485317587672431,0.7596062111131828,0.6800000000000002
0.68,0.7408197658894367,0.8070793022536468,0.8792651466908183,0.9579073531268136,1.0435833839517294,1.1369223502723917,1.2386096314165607,1.3493919076094383,1.4700826427769478,1.4700826427769478,1.3493919076094383,1.2386096314165607,1.1369223502723917,1.0435833839517294,0.9579073531268136,0.8792651466908185,0.8070793022536468,0.7408197658894368,0.68
0.68,0.749861261735545,0.8268998703700348,0.9118532060656364,1.0055344053205588,1.1088401439590811,1.2227592197237942,1.348382016618904,1.4869109415931911,1.6396719334580259,1.6396719334580259,1.4869109415931911,1.348382016618904,1.2227592197237942,1.1088401439590811,1.0055344053205588,0.9118532060656362,0.8268998703700345,0.749861261735545,0.6799999999999999
0.68,0.7429300803285667,0.8116839768485448,0.8868006501786763,0.968868938636278,1.0585321741307399,1.1564932252313571,1.2635200069420225,1.3804515003738054,1.508204329503532,1.508204329503532,1.3804515003738056,1.2635200069420225,1.1564932252313571,1.0585321741307399,0.9688689386362781,0.8868006501786764,0.811683976848545,0.7429300803285668,0.6800000000000002
0.68,0.7465119520887276,0.8195295508990039,0.8996891247588432,0.9876892423481217,1.0842968005328422,1.1903537076607844,1.3067842205616274,1.4346029991914804,1.5749239491158455,1.574923949115846,1.4346029991914806,1.3067842205616276,1.1903537076607846,1.084296800532842,0.9876892423481218,0.8996891247588433,0.8195295508990037,0.7465119520887276,0.68
0.68,0.7438009984208865,0.8135881253704526,0.8899230293440001,0.9734200555055988,1.0647511899529107,1.16465146787765,1.273924889146687,1.3934508889125339,1.524191415328845,1.5241914153288452,1.3934508889125339,1.2739248891466872,1.16465146787765,1.0647511899529107,0.9734200555055988,0.8899230293440001,0.8135881253704527,0.7438009984208868,0.68
0.68,0.7423079861740978,0.8103252152027126,0.8845748215341439,0.9656278741078268,1.0541077685625826,1.150695021900239,1.2561325064813613,1.3712311636088252,1.4968762406435763,1.496876240643576,1.3712311636088252,1.2561325064813613,1.150695021900239,1.0541077685625824,0.9656278741078269,0.8845748215341439,0.8103252152027125,0.7423079861740978,0.68
0.68,0.7536209062493433,0.8352124563765905,0.9256376004195089,1.0258527165979674,1.1369177264131043,1.2600073048682157,1.396423304375849,1.5476085237521024,1.7151619679253938,1.7151619679253938,1.5476085237521024,1.3964233043758487,1.2600073048682154,1.1369177264131043,1.0258527165979674,0.9256376004195089,0.8352124563765903,0.7536209062493433,0.68
0.68,0.7454780499427185,0.8172610631564681,0.8959561524352891,0.9822288902230005,1.0768089377659453,1.1804962163038926,1.2941676724926228,1.4187846952775105,1.5554012469471359,1.555401246947136,1.4187846952775105,1.2941676724926228,1.1804962163038926,1.0768089377659453,0.9822288902230004,0.8959561524352891,0.817261063156468,0.7454780499427184,0.6799999999999999
0.68,0.7591019135385074,0.8474054634379756,0.9459810424099308,1.0560235580360737,1.178866917127833,1.3160001949984987,1.4690856856476604,1.6399790516576016,1.8307518180534585,1.8307518180534585,1.6399790516576016,1.4690856856476604,1.3160001949984987,1.1788669171278332,1.0560235580360735,0.9459810424099308,0.8474054634379755,0.7591019135385071,0.68
0.68,0.7510992571991766,0.8296324914193454,0.9163769824314303,1.0121912806156912,1.1180237044322485,1.2349217263678438,1.3640423402559003,1.5066635125800485,1.664196831099966,1.6641968310999662,1.506663512580049,1.3640423402559003,1.2349217263678438,1.118023704432249,1.0121912806156914,0.9163769824314302,0.8296324914193454,0.7510992571991766,0.6799999999999999
0.68,0.7556091150326508,0.8396251981182732,0.9329830189842094,1.0367212842869844,1.1519941943464727,1.2800842848718967,1.4224166965577316,1.5805750313141973,1.7563189715500367,1.7563189715500367,1.5805750313141973,1.4224166965577316,1.2800842848718967,1.1519941943464729,1.0367212842869844,0.9329830189842095,0.8396251981182731,0.7556091150326508,0.68
0.68,0.7547401551061609,0.8376951496024587,0.929767892856821,1.0319605348051257,1.1453853736797903,1.2712769626285485,1.4110055469958231,1.5660919785224723,1.7382242687949487,1.7382242687949485,1.566091978522472,1.4110055469958231,1.2712769626285485,1.14538537367979,1.0319605348051257,0.929767892856821,0.8376951496024586,0.7547401551061609,0.6799999999999999
0.68,0.7451433741861511,0.8165274236669448,0.8947499993922238,0.980466225882615,1.074393987984901,1.1773199432535062,1.2901061103125964,1.413697088377204,1.5491279683978343,1.5491279683978343,1.4136970883772042,1.2901061103125964,1.1773199432535062,1.074393987984901,0.980466225882615,0.8947499993922237,0.8165274236669446,0.7451433741861512,0.6800000000000002
0.68,0.7466680259126407,0.819872266059235,0.900253538822018,0.9885154891957426,1.0854307483850785,1.1918476972964214,1.3086978931306552,1.4370042240880856,1.577889863570554,1.577889863570554,1.4370042240880858,1.3086978931306552,1.1918476972964216,1.0854307483850785,0.9885154891957426,0.9002535388220181,0.8198722660592349,0.7466680259126406,0.68
0.68,0.758148061281902,0.8452771806257449,0.942419493731236,1.0507257530685414,1.1714789597468838,1.3061095620068224,1.456212400378274,1.623565600237431,1.8101516355646996,1.8101516355646996,1.623565600237431,1.4562124003782742,1.3061095620068222,1.1714789597468838,1.0507257530685412,0.9424194937312361,0.8452771806257449,0.758148061281902,0.68
0.68,0.7568093739445313,0.8422947477798725,0.9374361187412532,1.0433241796140575,1.161172822345451,1.2923330540009779,1.4383084845975063,1.6007725643637445,1.7815877680348635,1.7815877680348635,1.6007725643637445,1.4383084845975063,1.292333054000978,1.161172822345451,1.0433241796140573,0.9374361187412533,0.8422947477798726,0.7568093739445313,0.68
0.68,0.7524896597480177,0.8327068941583637,0.9214754815515526,1.0197070170277476,1.1284102739498172,1.2487015633833314,1.381816197878148,1.5291211773170985,1.6921292271071053,1.6921292271071056,1.5291211773170987,1.381816197878148,1.2487015633833316,1.1284102739498172,1.0197070170277476,0.9214754815515523,0.8327068941583636,0.7524896597480175,0.68
0.68,0.7682675011731235,0.8679925784688166,0.9806624842603735,1.1079575239366832,1.2517761151776423,1.4142631000525403,1.5978417321745884,1.805249815952803,2.0395805369048547,2.0395805369048547,1.8052498159528032,1.5978417321745884,1.41426310005254,1.251776115177642,1.1079575239366832,0.9806624842603732,0.8679925784688164,0.7682675011731231,0.6799999999999997
0.68,0.7553653826700729,0.8390836196122144,0.932080469736133,1.0353842951493166,1.1501374328177167,1.2776088265640146,1.4192080590885143,1.5765009391791869,1.7512268164747296,1.75122681647473,1.5765009391791873,1.4192080590885146,1.2776088265640149,1.150137432817717,1.0353842951493168,0.9320804697361328,0.8390836196122143,0.7553653826700729,0.68
0.68,0.7541762043126176,0.8364437458108636,0.9276852490245072,1.0288796175089827,1.1411125362169743,1.2655881194965617,1.4036418296839124,1.556754804890339,1.7265697497023906,1.7265697497023909,1.5567548048903395,1.4036418296839126,1.265588119496562,1.1411125362169743,1.028879617508983,0.9276852490245073,0.8364437458108634,0.7541762043126177,0.68
0.68,0.7558156776298279,0.8400843213985821,0.9337483833000935,1.0378553927348768,1.153569671973062,1.2821853578169677,1.4251408750962866,1.5840350238659788,1.7606448602244784,1.7606448602244784,1.5840350238659786,1.4251408750962864,1.2821853578169677,1.153569671973062,1.037855392734877,0.9337483833000934,0.8400843213985821,0.7558156776298279,0.68
0.68,0.7508482467164352,0.8290780729369774,0.915458555082015,1.0108388985660177,1.116156786325098,1.2324475971659568,1.3608545845616793,1.5026401159619995,1.6591980831115414,1.6591980831115416,1.5026401159619998,1.3608545845616797,1.2324475971659572,1.1161567863250985,1.010838898566018,0.9154585550820153,0.8290780729369777,0.7508482467164354,0.6800000000000003
0.68,0.7630667862113683,0.8562807650278619,0.96088148744768,1.0782599243480886,1.209976963489425,1.3577841660583319,1.5236470587688442,1.709771271257567,1.9186318663456432,1.9186318663456432,1.7097712712575672,1.5236470587688442,1.357784166058332,1.209976963489425,1.0782599243480886,0.9608814874476799,0.8562807650278619,0.7630667862113683,0.68
0.68,0.7530649632897475,0.8339806454920419,0.9235905943850359,1.0228289956695926,1.1327304118758983,1.2544405677007406,1.3892282942128353,1.5384987564448047,1.7038081022697482,1.7038081022697482,1.5384987564448047,1.3892282942128356,1.2544405677007409,1.1327304118758983,1.0228289956695926,0.923590594385036,0.8339806454920421,0.7530649632897474,0.6800000000000002
0.68,0.7507553332895295,0.8288728977392242,0.9151187479365728,1.0103386479509098,1.1154663652612908,1.2315328276838242,1.3596762330952443,1.5011532110930472,1.6573511460482473,1.6573511460482473,1.5011532110930472,1.3596762330952443,1.2315328276838244,1.115466365261291,1.0103386479509098,0.9151187479365728,0.8288728977392243,0.7507553332895296,0.6800000000000002
0.68,0.7590064864765097,0.8471924213432589,0.9456243280783437,1.0554926452668438,1.1781261238026235,1.315007896843557,1.4677934168707245,1.6383304767829405,1.8286815571623594,1.8286815571623594,1.6383304767829403,1.4677934168707247,1.315007896843557,1.1781261238026237,1.0554926452668438,0.9456243280783437,0.8471924213432591,0.7590064864765098,0.68
0.68,0.7536771188365412,0.8353370580261027,0.9258447458095673,1.0261588242819184,1.1373418031668951,1.2605713137399739,1.3971525820993191,1.5485322538994837,1.7163137169770857,1.7163137169770857,1.548532253899484,1.3971525820993194,1.2605713137399739,1.1373418031668954,1.0261588242819186,0.9258447458095674,0.8353370580261029,0.7536771188365414,0.68
0.68,0.756833737005958,0.8423489786329464,0.9375266549440071,1.043458532064659,1.1613597356371284,1.2925826893095573,1.4386326281461228,1.6011848649096072,1.7821040072748797,1.7821040072748793,1.601184864909607,1.4386326281461226,1.2925826893095573,1.1613597356371281,1.0434585320646588,0.9375266549440068,0.8423489786329463,0.7568337370059578,0.6799999999999999
0.68,0.754343028332016,0.8368138299898776,0.9283009980362898,1.0297902736210702,1.1423751669855493,1.2672687396399585,1.4058166746625054,1.5595117759478805,1.7300100526293598,1.7300100526293598,1.5595117759478805,1.4058166746625052,1.2672687396399585,1.1423751669855493,1.0297902736210702,0.9283009980362897,0.8368138299898775,0.7543430283320159,0.68
0.68,0.777582713158781,0.8891689350049573,1.0167682249083212,1.1626785220262497,1.3295275289538424,1.5203200340929681,1.7384920249700886,1.9879725670310955,2.2732545622900964,2.2732545622900964,1.9879725670310953,1.7384920249700888,1.5203200340929683,1.3295275289538422,1.1626785220262499,1.016768224908321,0.8891689350049571,0.7775827131587807,0.6799999999999999
0.68,0.7601288723855533,0.849699856814901,0.9498255794512892,1.0617497745165634,1.1868627336160156,1.3267185755587898,1.4830545511948092,1.6578126230676071,1.853163587939583,1.853163587939583,1.6578126230676073,1.4830545511948092,1.32671857555879,1.1868627336160158,1.0617497745165636,0.9498255794512894,0.8496998568149012,0.7601288723855535,0.6800000000000002
0.68,0.7579914379616886,0.8449279706223944,0.9418355403325295,1.0498577581471735,1.1702693996370743,1.304491448578629,1.4541078660541782,1.620884282855601,1.806788835781202,1.8067888357812016,1.620884282855601,1.454107866054178,1.304491448578629,1.1702693996370743,1.0498577581471733,0.9418355403325295,0.8449279706223946,0.7579914379616886,0.6800000000000002
0.68,0.76327715460391,0.8567529628532957,0.9616764171840191,1.0794494696439716,1.2116457643066916,1.3600316637763106,1.5265898507329472,1.7135458198744873,1.92339761423121,1.9233976142312097,1.713545819874487,1.5265898507329467,1.3600316637763106,1.2116457643066916,1.0794494696439714,0.9616764171840189,0.8567529628532956,0.7632771546039099,0.68
0.68,0.7583026787190781,0.8456219890478374,0.9429962051157794,1.0515831593547365,1.1726740097567172,1.307708592445237,1.4582925421105564,1.6262163838801307,1.8134768236369938,1.8134768236369938,1.6262163838801307,1.4582925421105566,1.307708592445237,1.1726740097567172,1.0515831593547362,0.9429962051157792,0.8456219890478376,0.7583026787190782,0.68
0.68,0.7734429495654721,0.8797264650478489,1.0006150469667856,1.138115666625859,1.2945110855026143,1.4723977532593278,1.6747289135506889,1.9048636332635633,2.166622569163782,2.166622569163782,1.9048636332635633,1.6747289135506886,1.4723977532593278,1.294511085502614,1.1381156666258587,1.0006150469667856,0.8797264650478488,0.773442949565472,0.68
0.68,0.76050336114114,0.8505372975102518,0.9512301081359531,1.0638436683177093,1.1897892433593205,1.3306451744475543,1.4881766583141225,1.6643578685583533,1.8613966958534278,1.8613966958534278,1.6643578685583529,1.4881766583141227,1.330645174447554,1.1897892433593202,1.063843668317709,0.9512301081359528,0.8505372975102514,0.7605033611411397,0.6799999999999998
0.68,0.758594109111027,0.8462720917322835,0.9440838580782013,1.053200666536668,1.1749291490390052,1.3107269574762075,1.4622202185212803,1.6312230058724733,1.8197590630900593,1.8197590630900593,1.6312230058724733,1.4622202185212803,1.3107269574762075,1.1749291490390052,1.053200666536668,0.9440838580782012,0.8462720917322835,0.7585941091110271,0.6800000000000002
0.68,0.7564053774544203,0.8413957280028883,0.9359356665125903,1.0410981927963388,1.1580768698371022,1.2881993703681862,1.4329425455586686,1.5939491868291213,1.7730466710391881,1.773046671039188,1.5939491868291216,1.4329425455586686,1.2881993703681864,1.158076869837102,1.0410981927963388,0.9359356665125904,0.8413957280028883,0.7564053774544204,0.68
0.68,0.7564939739525142,0.8415928420977457,0.9362645787772268,1.041586046867884,1.1587552467773163,1.289104943342497,1.4341178256338178,1.5954433721027435,1.7749166129091236,1.7749166129091236,1.5954433721027435,1.434117825633818,1.2891049433424973,1.1587552467773163,1.041586046867884,0.936264578777227,0.8415928420977458,0.7564939739525142,0.68
0.68,0.7555747332050171,0.8395487903791655,0.9328556666225483,1.0365326050398824,1.1517321272225154,1.2797348452202923,1.4219636974271854,1.579999766633478,1.7555998560854107,1.7555998560854107,1.579999766633478,1.4219636974271854,1.2797348452202921,1.1517321272225152,1.0365326050398822,0.9328556666225479,0.8395487903791653,0.7555747332050168,0.6799999999999998
0.68,0.7546949892795477,0.8375948924171419,0.9296009828725865,1.031713535004829,1.1450426988824023,1.2708205696436456,1.4104145826227052,1.565342379870824,1.737288309699166,1.7372883096991658,1.5653423798708235,1.410414582622705,1.2708205696436452,1.145042698882402,1.031713535004829,0.9296009828725865,0.8375948924171419,0.7546949892795476,0.68
0.68,0.7560744790547386,0.8406597321733741,0.9347078956842353,1.0392776254379545,1.1555460135974223,1.2848218386094867,1.4285602975070868,1.5883793863764015,1.7660781133762107,1.7660781133762105,1.5883793863764015,1.4285602975070868,1.2848218386094865,1.1555460135974225,1.0392776254379543,0.9347078956842351,0.8406597321733741,0.7560744790547386,0.68
0.68,0.7741098105745279,0.8812441159231343,1.0032054641870218,1.1420458703663923,1.3001013417305143,1.4800311814333793,1.6848627316232176,1.9180423088543093,2.183493188795793,2.1834931887957936,1.9180423088543095,1.6848627316232176,1.4800311814333793,1.3001013417305143,1.1420458703663923,1.0032054641870218,0.8812441159231345,0.7741098105745279,0.6800000000000002
0.68,0.7591257817579243,0.8474587537199703,0.9460702778312774,1.0561563812597135,1.179052262621177,1.3162484861702213,1.4694090603700791,1.640391620111196,1.8312699573618523,1.8312699573618523,1.6403916201111959,1.469409060370079,1.3162484861702213,1.179052262621177,1.0561563812597135,0.9460702778312773,0.8474587537199704,0.7591257817579241,0.68
0.68,0.7610105885813434,0.8516722293131218,0.9531346830999468,1.066684685563504,1.1937622652814521,1.3359790060706411,1.495138484914907,1.6732591447289873,1.8725998920284148,1.8725998920284148,1.6732591447289873,1.495138484914907,1.335979006070641,1.1937622652814524,1.0666846855635042,0.9531346830999466,0.8516722293131218,0.7610105885813435,0.68
0.68,0.7590357965971818,0.8472578536998799,0.9457338822151571,1.0556556921413633,1.1783536164953956,1.3153126117202245,1.4681902294285,1.638836676985972,1.8293172097187134,1.8293172097187136,1.6388366769859717,1.4681902294285,1.3153126117202245,1.1783536164953956,1.0556556921413633,0.9457338822151572,0.8472578536998799,0.7590357965971819,0.6799999999999999
0.68,0.7743114384692235,0.8817032408004085,1.0039895657163829,1.1432361835852105,1.3017953732675434,1.4823456589226045,1.6879370580426036,1.922042605085996,2.188617021093046,2.188617021093046,1.9220426050859962,1.6879370580426039,1.4823456589226045,1.3017953732675434,1.1432361835852107,1.003989565716383,0.8817032408004085,0.7743114384692233,0.68
0.68,0.7626473565476148,0.85533969183686,0.9592978748965189,1.075891159458198,1.2066552186672692,1.353312371736731,1.5177942689532369,1.7022673338239789,1.9091612974679615,1.9091612974679615,1.702267333823979,1.5177942689532369,1.3533123717367312,1.2066552186672694,1.0758911594581984,0.9592978748965191,0.8553396918368603,0.7626473565476151,0.6800000000000002
0.68,0.7650114345619298,0.8606507279566201,0.9682465412512692,1.089293640488618,1.225473662602036,1.378678477419185,1.551036470308982,1.7449421106013914,1.9630892165568996,1.9630892165568998,1.7449421106013916,1.551036470308982,1.3786784774191854,1.2254736626020364,1.0892936404886182,0.9682465412512694,0.8606507279566203,0.76501143456193,0.6800000000000003
0.68,0.7602436572824229,0.8499564977031677,0.9502559358011992,1.0623912470409336,1.1877591281106372,1.3279210934197245,1.484622924476302,1.6598164143958678,1.8556836783789883,1.8556836783789883,1.6598164143958678,1.484622924476302,1.3279210934197245,1.1877591281106372,1.0623912470409336,0.950255935801199,0.8499564977031677,0.7602436572824228,0.68
0.68,0.776301895610834,0.8862421075426089,1.0117521000815706,1.1550368723258313,1.3186136963043404,1.5053563412051,1.7185455606578062,1.9619267300474095,2.239775646449072,2.239775646449072,1.9619267300474097,1.7185455606578064,1.5053563412051,1.3186136963043404,1.1550368723258315,1.0117521000815703,0.8862421075426091,0.7763018956108341,0.6800000000000002
0.68,0.7803876293005142,0.8955953705371714,1.027811100038263,1.1795456878347257,1.353680680854391,1.553523025532153,1.782867869057057,2.0460706318963178,2.3481297203043714,2.348129720304371,2.0460706318963178,1.782867869057057,1.5535230255321528,1.3536806808543909,1.1795456878347257,1.0278111000382628,0.8955953705371715,0.780387629300514,0.6799999999999999
0.68,0.7869954934398545,0.9108263333744707,1.0541414995177278,1.220006778777033,1.4119703483288215,1.6341386779492408,1.8912643752967861,2.1888478533263416,2.5332549946960743,2.5332549946960743,2.188847853326342,1.8912643752967864,1.6341386779492413,1.4119703483288217,1.2200067787770332,1.0541414995177283,0.9108263333744712,0.7869954934398548,0.6800000000000002
0.68,0.7613508489065273,0.8524339928392495,0.954413741301387,1.0685936943350964,1.1964334063502762,1.3395670435072218,1.499824273149162,1.6792536523128379,1.8801488142908318,1.8801488142908318,1.6792536523128383,1.4998242731491624,1.3395670435072222,1.1964334063502764,1.0685936943350969,0.9544137413013873,0.8524339928392498,0.7613508489065274,0.6800000000000002
0.68,0.7615530619871664,0.8528868620912187,0.955174413756167,1.0697294110703022,1.1980231007328186,1.3417031774918193,1.5026149457305962,1.6828250189835519,1.88464786175814,1.8846478617581397,1.6828250189835519,1.5026149457305962,1.3417031774918193,1.1980231007328184,1.069729411070302,0.9551744137561669,0.8528868620912184,0.7615530619871661,0.6799999999999998
0.68,0.7606773236388719,0.8509264569094075,0.9518830291990529,1.0648174045123495,1.1911506668066825,1.3324725018781836,1.490561200810424,1.6674060366947303,1.8652322961944796,1.8652322961944794,1.66740603669473,1.490561200810424,1.3324725018781838,1.1911506668066825,1.0648174045123495,0.9518830291990528,0.8509264569094075,0.7606773236388719,0.68
0.68,0.7790533173258699,0.8925353988771214,1.0225480343029263,1.171499173895209,1.3421475259817333,1.5376536506717329,1.7616384962559528,2.018250462407584,2.3122422322545577,2.3122422322545573,2.018250462407584,1.7616384962559526,1.5376536506717329,1.3421475259817333,1.171499173895209,1.0225480343029263,0.8925353988771214,0.77905331732587,0.6799999999999999
0.68,0.7621825998035545,0.8542975227107428,0.9575451571550145,1.0732709666319296,1.2029830230017615,1.3483716588103258,1.511331494725714,1.693986129139759,1.8987158116748548,1.8987158116748548,1.6939861291397593,1.5113314947257137,1.348371658810326,1.2029830230017615,1.0732709666319296,0.9575451571550148,0.8542975227107428,0.7621825998035543,0.68
0.68,0.7673328224822494,0.8658818536155518,0.9770875980455636,1.1025755653245644,1.2441800302065582,1.403970844491836,1.5842836923333934,1.7877542312511505,2.0173566178978373,2.0173566178978373,1.7877542312511507,1.5842836923333936,1.4039708444918362,1.2441800302065582,1.1025755653245641,0.9770875980455634,0.8658818536155518,0.7673328224822493,0.68
0.68,0.7644130245090602,0.8593048118221899,0.9659761620296896,1.0858893523834838,1.220688182555358,1.3722205082494252,1.5425635720651514,1.734052478852679,1.9493122059076609,1.949312205907661,1.734052478852679,1.5425635720651512,1.3722205082494252,1.2206881825553582,1.0858893523834838,0.9659761620296897,0.8593048118221898,0.7644130245090602,0.68
0.68,0.77287349625427,0.8784315311945573,0.9984065422563666,1.1347675808776683,1.2897526289248875,1.4659053288534027,1.666116730424551,1.8936727391337582,2.152308045081923,2.152308045081923,1.8936727391337584,1.666116730424551,1.465905328853403,1.2897526289248875,1.1347675808776685,0.9984065422563666,0.8784315311945574,0.77287349625427,0.68
0.68,0.7631429915636339,0.856451802312783,0.9611693978632986,1.0786907201247269,1.2105812693057565,1.3585979579248468,1.5247125146220757,1.71113774953412,1.9203570311131353,1.9203570311131355,1.71113774953412,1.524712514622076,1.358597957924847,1.2105812693057567,1.078690720124727,0.9611693978632987,0.8564518023127831,0.7631429915636339,0.6800000000000002
0.68,0.7681727757595954,0.8677785491444142,0.9802997894719105,1.1074111916988008,1.251004601521337,1.4132171724098115,1.5964631736487822,1.8034699227937614,2.037318377340334,2.037318377340334,1.8034699227937616,1.5964631736487822,1.413217172409812,1.251004601521337,1.1074111916988008,0.9802997894719104,0.8677785491444141,0.7681727757595954,0.6799999999999999
0.68,0.769590168745662,0.8709838644558476,0.9857362047372421,1.1156071943271213,1.2625887190236527,1.428935096073209,1.6171976495787932,1.830263841227105,2.0714015564986044,2.0714015564986044,1.8302638412271046,1.617197649578793,1.4289350960732086,1.2625887190236527,1.1156071943271213,0.9857362047372421,0.8709838644558477,0.769590168745662,0.68
0.68,0.7658953172027003,0.8626406425191542,0.9716065125502189,1.0943365854792049,1.2325695092089932,1.3882635518088213,1.5636243431964187,1.7611361210563012,1.983596923637572,1.9835969236375721,1.7611361210563012,1.5636243431964185,1.3882635518088213,1.2325695092089932,1.0943365854792049,0.9716065125502188,0.8626406425191541,0.7658953172027001,0.6799999999999998
0.68,0.7743094043921438,0.8816986084266419,1.003981653447375,1.1432241707374657,1.3017782746035729,1.482322294792537,1.687906019408831,1.9220022125858327,2.1885652771584096,2.1885652771584096,1.9220022125858327,1.6879060194088311,1.482322294792537,1.3017782746035729,1.143224170737466,1.003981653447375,0.8816986084266422,0.774309404392144,0.6800000000000002
0.68,0.7650621846572955,0.8607649211655789,0.96843925156368,1.0895827198664487,1.225880200038034,1.3792273293665007,1.551756873153209,1.7458683873993643,1.964261592040981,1.9642615920409807,1.7458683873993641,1.551756873153209,1.3792273293665007,1.225880200038034,1.0895827198664487,0.96843925156368,0.8607649211655789,0.7650621846572955,0.6800000000000002
0.68,0.7768404031966339,0.8874720765275127,1.0138590672873338,1.1582451273765522,1.3231935466937312,1.5116326592952094,1.7269078301942502,1.9728408457228315,2.2537977618148712,2.2537977618148712,1.9728408457228315,1.7269078301942502,1.5116326592952092,1.3231935466937315,1.1582451273765522,1.013859067287334,0.8874720765275128,0.776840403196634,0.6800000000000003
0.68,0.7653489070838567,0.8614102199624324,0.9695284858810473,1.0912170103760677,1.2281790386509366,1.3823315954923474,1.5558323174081647,1.7511096525501215,1.9708968511223937,1.970896851122394,1.751109652550122,1.5558323174081647,1.3823315954923474,1.2281790386509368,1.0912170103760679,0.9695284858810475,0.8614102199624325,0.765348907083857,0.6800000000000002
0.68,0.7798504888795165,0.8943629191259129,1.0256902348765509,1.1763015163344475,1.349028400857552,1.5471183204722267,1.7742955567275327,2.0348312607804715,2.333623755157314,2.333623755157314,2.0348312607804715,1.7742955567275331,1.547118320472227,1.349028400857552,1.1763015163344475,1.025690234876551,0.8943629191259131,0.7798504888795166,0.68
0.68,0.767690682106808,0.8666896814612003,0.9784552834351193,1.104633829340172,1.2470839675359,1.4079040318854406,1.5894629508515574,1.7944351425334295,2.0258399096587,2.0258399096587,1.7944351425334297,1.5894629508515576,1.4079040318854408,1.2470839675359002,1.104633829340172,0.9784552834351194,0.8666896814612004,0.7676906821068082,0.6800000000000002
0.68,0.7662308775843981,0.8633967025937602,0.9728841369586655,1.0962556853673204,1.2352719939057175,1.391916976390893,1.568426126977376,1.7673184230884904,1.9914322739620127,1.9914322739620127,1.7673184230884904,1.568426126977376,1.391916976390893,1.235271993905717,1.0962556853673204,0.9728841369586654,0.8633967025937602,0.7662308775843982,0.6799999999999999
0.68,0.7692157162629859,0.8701364972734975,0.9842980426423514,1.1134375351285164,1.2595200751440812,1.4247685834552413,1.6116976271051808,1.8231516832839212,2.0623484234019256,2.0623484234019256,1.823151683283921,1.6116976271051806,1.424768583455241,1.2595200751440812,1.1134375351285164,0.9842980426423513,0.8701364972734973,0.7692157162629858,0.68
0.68,0.7728465204480407,0.8783702120127115,0.9983020029694586,1.13460916081067,1.2895275617661734,1.465598366371813,1.6657097026835124,1.8931440408757252,2.151632036320217,2.151632036320217,1.893144040875725,1.6657097026835126,1.465598366371813,1.2895275617661732,1.1346091608106703,0.9983020029694587,0.8783702120127116,0.7728465204480407,0.68
0.68,0.7661568539729805,0.8632298895437869,0.9726022006298694,1.0958321208849682,1.2346754267937738,1.391110353926566,1.567365782784731,1.7659529958283053,1.9897014581587855,1.9897014581587857,1.7659529958283053,1.5673657827847312,1.391110353926566,1.2346754267937738,1.0958321208849684,0.9726022006298696,0.8632298895437869,0.7661568539729807,0.6800000000000002
0.68,0.7738160706802931,0.880575457710424,1.0020638832690896,1.1403134363557685,1.297636562742299,1.4766647443416578,1.6803925149685017,1.9122275487257376,2.1760476588258215,2.1760476588258215,1.9122275487257374,1.6803925149685015,1.4766647443416576,1.2976365627422988,1.1403134363557685,1.0020638832690894,0.8805754577104239,0.7738160706802929,0.6799999999999999
0.68,0.7671321282588138,0.8654289738336723,0.9763211331674505,1.101422512868828,1.2425538182488747,1.4017690515726098,1.581385405676816,1.7840169880210053,2.01261286598593,2.01261286598593,1.7840169880210048,1.581385405676816,1.4017690515726096,1.2425538182488745,1.1014225128688278,0.9763211331674503,0.8654289738336722,0.7671321282588135,0.6799999999999997
0.68,0.7720784542330924,0.8766252051337664,0.9953285784138908,1.130105515111497,1.2831325282758488,1.4568808514814953,1.6541563467847413,1.878144816596209,2.1324634512110228,2.1324634512110228,1.878144816596209,1.6541563467847413,1.4568808514814955,1.2831325282758488,1.130105515111497,0.9953285784138908,0.8766252051337664,0.7720784542330921,0.6799999999999999
0.68,0.768732989198269,0.8690447186495677,0.9824460945800749,1.1106451809010387,1.255572926253982,1.4194122481700608,1.604630912412362,1.8140187027333838,2.0507294409026477,2.0507294409026473,1.8140187027333836,1.604630912412362,1.4194122481700608,1.255572926253982,1.1106451809010387,0.982446094580075,0.8690447186495679,0.7687329891982693,0.6800000000000002
0.68,0.7715297834665291,0.8753797158469253,0.9932081214976028,1.1268965395827113,1.2785797693726915,1.4506799597188194,1.6459452870604319,1.8674938395933662,2.118863408362569,2.118863408362569,1.8674938395933662,1.645945287060432,1.4506799597188194,1.2785797693726915,1.1268965395827113,0.993208121497603,0.8753797158469254,0.7715297834665291,0.6799999999999999
0.68,0.7688128652120487,0.8692253260522936,0.9827523727016779,1.1111068638981119,1.2562253699857076,1.4202973912511436,1.6057983923838084,1.8155271514727902,2.0526479870500953,2.0526479870500953,1.8155271514727902,1.6057983923838086,1.4202973912511438,1.2562253699857076,1.111106863898112,0.9827523727016781,0.8692253260522936,0.7688128652120487,0.6800000000000003
0.68,0.7812720892425693,0.897626584455072,1.0313097014660082,1.1849021840007037,1.3613691247681075,1.564117206379275,1.7970604671296866,2.0646958612494672,2.3721900723071423,2.3721900723071423,2.064695861249467,1.7970604671296864,1.564117206379275,1.3613691247681072,1.184902184000704,1.0313097014660084,0.897626584455072,0.7812720892425692,0.68
0.68,0.7715719792214133,0.8754754692936016,0.9933710891215585,1.1271430843159587,1.2789294418108714,1.451156059856693,1.646575519504083,1.8683110772371943,2.119906581860578,2.119906581860578,1.8683110772371945,1.646575519504083,1.451156059856693,1.2789294418108714,1.1271430843159587,0.9933710891215586,0.8754754692936015,0.7715719792214134,0.68
0.68,0.7714057611915613,0.8750983064699002,0.9927292282644995,1.1261721264507165,1.2775524506432858,1.4492813538979834,1.6440940970358973,1.865093615286072,2.115799941166578,2.115799941166579,1.8650936152860724,1.6440940970358975,1.4492813538979832,1.277552450643286,1.1261721264507167,0.9927292282644995,0.8750983064699002,0.7714057611915613,0.68
0.68,0.7740732955544618,0.8811609807213897,1.0030635062661877,1.1418304028615902,1.2997947395696319,1.4796123494162032,1.6843064815524709,1.9173186307339138,2.1825663987061303,2.18256639870613,1.9173186307339134,1.6843064815524704,1.479612349416203,1.2997947395696319,1.14183040286159,1.0030635062661872,0.8811609807213894,0.7740732955544614,0.6799999999999998
0.68,0.7779732814038626,0.8900623920269023,1.0183011173225591,1.1650162672068396,1.332869894540859,1.5249075963829006,1.7446137744054147,1.9959748571419973,2.283551631191714,2.283551631191714,1.9959748571419973,1.7446137744054144,1.5249075963829004,1.332869894540859,1.1650162672068394,1.0183011173225591,0.8900623920269021,0.7779732814038623,0.6799999999999998
0.68,0.769365069249021,0.8704744261478691,0.9848714958128779,1.1143025390845027,1.260743309039865,1.4264292106833758,1.6138894242003559,1.8259855126620137,2.0659551035248813,2.0659551035248813,1.825985512662014,1.6138894242003559,1.426429210683376,1.2607433090398652,1.1143025390845027,0.984871495812878,0.8704744261478692,0.7693650692490213,0.6800000000000003
0.68,0.7767979876932074,0.8873751671826712,1.0136930061712095,1.1579921872536374,1.32283235415159,1.5111375158241522,1.7262479138528142,1.97197927314774,2.2526904869909976,2.2526904869909976,1.9719792731477401,1.7262479138528144,1.5111375158241522,1.32283235415159,1.1579921872536374,1.013693006171209,0.8873751671826708,0.7767979876932073,0.6799999999999998
0.68,0.7760943329312464,0.8857682553058768,1.010940769460718,1.1538020619229659,1.31685182585706,1.5029429990556304,1.7153316827731855,1.9577341148495406,2.234391694001321,2.234391694001321,1.9577341148495406,1.7153316827731855,1.5029429990556302,1.3168518258570596,1.1538020619229659,1.010940769460718,0.8857682553058768,0.7760943329312462,0.6799999999999998
0.68,0.775474015367224,0.8843528654555375,1.0085186287887002,1.1501176332932648,1.3115975576979066,1.495749742079176,1.7057574389332768,1.9452508388413245,2.218369821901092,2.218369821901092,1.9452508388413248,1.7057574389332772,1.4957497420791763,1.3115975576979066,1.1501176332932648,1.0085186287887005,0.8843528654555378,0.7754740153672242,0.6800000000000003
0.68,0.7764631178430439,0.8866102549566772,1.0123825924636434,1.1559966826387413,1.3199835123792543,1.5072331081226582,1.7210454683076184,1.9651887209879042,2.243965531541547,2.243965531541547,1.9651887209879046,1.7210454683076188,1.5072331081226584,1.319983512379254,1.1559966826387413,1.0123825924636436,0.8866102549566773,0.7764631178430439,0.6800000000000002
0.68,0.7744156379276056,0.8819405592159123,1.0043949423226766,1.1438516911618768,1.3026715251554344,1.4835429414167245,1.6895277255444547,1.9241127814321846,2.19126915746686,2.19126915746686,1.9241127814321846,1.6895277255444545,1.4835429414167245,1.3026715251554344,1.1438516911618768,1.0043949423226766,0.8819405592159122,0.7744156379276055,0.6799999999999998
0.68,0.7719045876293906,0.8762304300048523,0.9946563069723812,1.129087891862483,1.2816884170080118,1.454913483823435,1.6515505775987775,1.8747639228683324,2.1281454011531458,2.1281454011531458,1.8747639228683328,1.6515505775987775,1.454913483823435,1.281688417008012,1.1290878918624832,0.9946563069723813,0.8762304300048526,0.7719045876293908,0.6800000000000002
0.68,0.7747897257333185,0.8827928222086925,1.0058511891153161,1.146063480798806,1.305820897001587,1.4878479627127876,1.6952489925928196,1.9315610323833456,2.2008141801727326,2.2008141801727326,1.931561032383346,1.69524899259282,1.4878479627127879,1.3058208970015877,1.1460634807988064,1.0058511891153166,0.8827928222086929,0.7747897257333191,0.6800000000000005
0.68,0.780671093896432,0.8962461130080169,1.028931519768226,1.1812604339440866,1.3561409928583883,1.5569118711361047,1.7874060199120048,2.0520238423555472,2.3558172025195065,2.355817202519506,2.0520238423555472,1.7874060199120048,1.5569118711361045,1.3561409928583883,1.1812604339440869,1.028931519768226,0.8962461130080169,0.780671093896432,0.6800000000000002
0.68,0.7759760760886936,0.8854983392088319,1.0104787156504769,1.153098983443529,1.3158488595799571,1.501569462915643,1.7135029114821876,1.9553489200272056,2.2313293858043752,2.2313293858043757,1.9553489200272058,1.7135029114821878,1.501569462915643,1.3158488595799573,1.153098983443529,1.0104787156504769,0.885498339208832,0.7759760760886936,0.6799999999999999
0.68,0.775164150557623,0.8836462651613548,1.007310156657673,1.148280473431781,1.3089792026318408,1.4921672819201552,1.7009920346757563,1.9390412436245812,2.2104047919271257,2.210404791927126,1.9390412436245819,1.7009920346757563,1.4921672819201552,1.3089792026318408,1.1482804734317813,1.007310156657673,0.8836462651613546,0.775164150557623,0.6799999999999998
0.68,0.7820929298395332,0.8995137513308603,1.0345637429548553,1.1898896894607596,1.3685357550238495,1.5740031444658233,1.8103187218116377,2.0821139310073864,2.3947155655312855,2.3947155655312855,2.082113931007386,1.8103187218116377,1.5740031444658233,1.3685357550238493,1.1898896894607596,1.0345637429548553,0.8995137513308602,0.782092929839533,0.68
0.68,0.7791553946666642,0.8927693074090665,1.0229500324420524,1.1721132886053884,1.3430270470255488,1.538862895401759,1.763254892065651,2.020367001949028,2.314970365845735,2.314970365845735,2.0203670019490274,1.7632548920656512,1.5388628954017587,1.3430270470255488,1.1721132886053884,1.0229500324420524,0.8927693074090665,0.7791553946666641,0.6799999999999998
0.68,0.79583066589118,0.9313918364305865,1.0900443902825923,1.2757216955434418,1.4930271271414155,1.7473481952743355,2.044990114395479,2.3933321242356387,2.8010104384252945,2.8010104384252945,2.3933321242356387,2.0449901143954787,1.747348195274335,1.4930271271414153,1.2757216955434414,1.0900443902825918,0.9313918364305863,0.7958306658911798,0.6799999999999999
0.68,0.7744034443320202,0.8819127861666122,1.0043474988351069,1.1437796505943476,1.302568972025202,1.483402791788728,1.6893415166072434,1.9238704251672472,2.190958652497094,2.1909586524970943,1.9238704251672472,1.6893415166072436,1.4834027917887285,1.302568972025202,1.1437796505943476,1.004347498835107,0.8819127861666123,0.7744034443320202,0.68
0.68,0.7943084741595545,0.9278322825318819,1.0838015361968762,1.2659893301592968,1.478803019325158,1.7273908380333949,2.017766442405147,2.356954388348801,2.753160064519121,2.7531600645191214,2.3569543883488016,2.0177664424051467,1.7273908380333944,1.4788030193251576,1.2659893301592962,1.0838015361968754,0.9278322825318813,0.794308474159554,0.6799999999999994
0.68,0.7799319544629704,0.8945497846947483,1.0260117087373593,1.176793113672677,1.3497331663901404,1.548088274214935,1.775593402043619,2.0365324005697563,2.33581866985814,2.33581866985814,2.0365324005697567,1.775593402043619,1.5480882742149353,1.3497331663901406,1.1767931136726775,1.0260117087373597,0.8945497846947486,0.7799319544629706,0.6800000000000004
0.68,0.7757683175485202,0.8850242389883257,1.0096673012788717,1.1518645641130367,1.3140882866848969,1.4991589106937644,1.7102940968923142,1.9511646677342884,2.2259584287475684,2.2259584287475676,1.9511646677342884,1.7102940968923142,1.4991589106937644,1.3140882866848969,1.1518645641130367,1.0096673012788717,0.8850242389883258,0.77576831754852,0.68
0.68,0.7729369327990814,0.8785757383600761,0.9986524065290081,1.1351401882866952,1.2902820226930733,1.4666273956855573,1.6670742364416167,1.8949165397993442,2.153898497327578,2.153898497327578,1.8949165397993435,1.6670742364416165,1.4666273956855571,1.2902820226930733,1.135140188286695,0.9986524065290079,0.878575738360076,0.7729369327990813,0.68
0.68,0.788602545772422,0.9145499635275659,1.0606123962851677,1.2300024055709886,1.4264456299110067,1.6542627281673026,1.918464410013481,2.224861643691792,2.5801934650099447,2.5801934650099447,2.224861643691792,1.918464410013481,1.6542627281673028,1.4264456299110069,1.2300024055709886,1.060612396285168,0.9145499635275658,0.7886025457724221,0.6799999999999998
0.68,0.7790464634580387,0.8925196944507018,1.0225210463653949,1.171457948503491,1.342088488046256,1.537572485676738,1.761530010701248,2.018108419282365,2.312059157230616,2.3120591572306166,2.018108419282365,1.7615300107012482,1.5375724856767383,1.342088488046256,1.1714579485034917,1.0225210463653949,0.892519694450702,0.7790464634580391,0.6800000000000002
0.68,0.7847461175741557,0.90562716036428,1.0451285265670234,1.2061184611609843,1.3919070290155844,1.6063141721237608,1.8537482502624487,2.1392966799313835,2.468830535169756,2.468830535169756,2.1392966799313835,1.8537482502624487,1.6063141721237608,1.3919070290155842,1.2061184611609843,1.0451285265670232,0.9056271603642798,0.7847461175741554,0.6799999999999999
0.68,0.7780894515239356,0.890328227312969,1.0187573559797443,1.1657122828680204,1.333865339428666,1.526274338768881,1.7464381810702,1.9983604800431938,2.286622367446937,2.286622367446937,1.9983604800431933,1.7464381810701997,1.5262743387688806,1.3338653394286657,1.1657122828680202,1.018757355979744,0.8903282273129688,0.7780894515239355,0.6799999999999999
0.68,0.7738517779002844,0.8806567267050455,1.0022026083537414,1.1405239268983018,1.2979359831883306,1.4770736296927103,1.6809353741578381,1.9129335703345922,2.176951535894945,2.176951535894945,1.9129335703345922,1.6809353741578383,1.47707362969271,1.2979359831883304,1.1405239268983018,1.0022026083537414,0.8806567267050455,0.7738517779002841,0.6799999999999999
0.68,0.7760910986726773,0.885760872704358,1.01092813067411,1.153782828844097,1.3168243871577718,1.5029054196886031,1.7152816446577202,1.9576688472580683,2.234307891920277,2.234307891920277,1.9576688472580688,1.71528164465772,1.5029054196886036,1.3168243871577723,1.1537828288440974,1.0109281306741102,0.8857608727043583,0.7760910986726777,0.6800000000000003
0.68,0.8231799039193912,0.9965075797304972,1.2063309025551407,1.460334347735784,1.7678204236166613,2.1400503624404417,2.590656546671149,3.1361417752601444,3.7964836547591685,3.796483654759167,3.1361417752601426,2.590656546671147,2.1400503624404412,1.7678204236166604,1.4603343477357833,1.2063309025551403,0.9965075797304965,0.8231799039193907,0.6799999999999994
0.68,0.780488027005738,0.895825823969573,1.028207838074708,1.1801528042511238,1.35455166728713,1.5547225857033307,1.7844740639071353,2.0481774137967514,2.350849924488149,2.350849924488149,2.048177413796751,1.784474063907135,1.5547225857033307,1.3545516672871298,1.1801528042511236,1.028207838074708,0.8958258239695728,0.780488027005738,0.6800000000000002
0.68,0.7843727304049684,0.9047655591219782,1.0436373999777702,1.203824583784273,1.3885987878110218,1.6017338568122943,1.8475828803675587,2.131167100769673,2.458278467323454,2.458278467323454,2.131167100769673,1.8475828803675585,1.6017338568122943,1.3885987878110213,1.2038245837842725,1.04363739997777,0.9047655591219778,0.784372730404968,0.6799999999999997
0.68,0.7797250779135757,0.8940752898931346,1.0251954780478338,1.1755450352904302,1.3479440356363934,1.5456261297201856,1.7722991976784264,2.0322148970529095,2.330248410208395,2.330248410208395,2.032214897052909,1.7722991976784261,1.5456261297201856,1.347944035636393,1.1755450352904298,1.0251954780478336,0.8940752898931343,0.7797250779135754,0.6799999999999998
0.68,0.7784738482909115,0.8912081359895014,1.020267981252819,1.1680175612557082,1.337163420267789,1.53080404936721,1.7524866460150033,2.006272093237841,2.296809348737536,2.296809348737535,2.00627209323784,1.7524866460150028,1.5308040493672097,1.3371634202677884,1.1680175612557078,1.020267981252819,0.8912081359895013,0.7784738482909113,0.6799999999999998
0.68,0.7763760387720142,0.8864114023225355,1.0120420194963475,1.1554781973050054,1.319243508398659,1.5062191900385962,1.7196948357125834,1.9634262712459194,2.241701633662961,2.241701633662961,1.96342627124592,1.7196948357125836,1.5062191900385964,1.3192435083986593,1.155478197305006,1.0120420194963475,0.8864114023225357,0.7763760387720143,0.6800000000000003
0.68,0.7778121744748776,0.8896937922960841,1.01766862235679,1.164051535367923,1.3314903763608,1.5230138601905396,1.7420863563973241,1.992670554400616,2.27929914254471,2.27929914254471,1.9926705544006162,1.7420863563973241,1.5230138601905394,1.3314903763608001,1.164051535367923,1.0176686223567901,0.8896937922960841,0.7778121744748775,0.6799999999999999
0.68,0.7788560459093326,0.8920834415434122,1.0217714439730754,1.1703130392293215,1.3404490973680632,1.5353189466453288,1.7585182999909736,2.014165602632605,2.3069780251073806,2.3069780251073806,2.0141656026326054,1.758518299990974,1.535318946645329,1.3404490973680632,1.1703130392293215,1.0217714439730754,0.892083441543412,0.7788560459093324,0.68
0.68,0.7835995142508826,0.9029826451973813,1.0405540619906546,1.1990847904818525,1.381768028481178,1.5922834645959572,1.8348713961869183,2.1144181393601587,2.436554451361582,2.436554451361582,2.114418139360159,1.8348713961869183,1.5922834645959572,1.3817680284811782,1.1990847904818527,1.0405540619906548,0.9029826451973814,0.7835995142508828,0.68
0.68,0.7788521078650721,0.8920744204792144,1.0217559452393363,1.1702893701078327,1.3404152098831954,1.5352723700469553,1.758456061114818,2.014084132040276,2.306873046554651,2.306873046554651,2.014084132040276,1.7584560611148177,1.5352723700469553,1.3404152098831954,1.1702893701078325,1.0217559452393363,0.8920744204792145,0.7788521078650721,0.68
0.68,0.7802323362851166,0.8952389685072516,1.027197635193957,1.1786070746087172,1.3523343402707733,1.5516690908059663,1.7803858821484433,2.0428156416437027,2.343927677469773,2.3439276774697726,2.0428156416437027,1.780385882148443,1.5516690908059663,1.352334340270773,1.1786070746087167,1.0271976351939567,0.8952389685072513,0.7802323362851162,0.6799999999999999
0.68,0.7825764009313523,0.9006262107274536,1.0364835567287238,1.1928346638960172,1.3727709679086828,1.5798502402485672,1.8181669338591995,2.0924331402822416,2.4080717589875937,2.4080717589875937,2.0924331402822416,1.8181669338592,1.5798502402485675,1.3727709679086828,1.1928346638960174,1.036483556728724,0.9006262107274537,0.7825764009313524,0.6800000000000002
0.68,0.7792287865450624,0.8929375026183681,1.023239127391014,1.1725549758563651,1.3436596926381328,1.53973281150577,1.7644178386959686,2.0218899579492957,2.316933615383054,2.316933615383054,2.0218899579492957,1.7644178386959681,1.53973281150577,1.3436596926381326,1.1725549758563654,1.023239127391014,0.892937502618368,0.7792287865450623,0.6799999999999999
0.68,0.7774760215338691,0.8889249471472549,1.0163497519856655,1.1620405318540437,1.3286156611279165,1.5190688505313585,1.7368229505105124,1.98579146716416,2.2704488963039653,2.2704488963039653,1.9857914671641603,1.736822950510512,1.5190688505313585,1.3286156611279167,1.1620405318540437,1.0163497519856652,0.8889249471472545,0.7774760215338685,0.6799999999999996
0.68,0.793367985170732,0.9256364116086278,1.0799563159979462,1.260004068376025,1.470068954462371,1.7151553595056706,2.001101987979112,2.334720959300198,2.723960093258642,2.723960093258642,2.3347209593001974,2.001101987979112,1.7151553595056703,1.4700689544623706,1.2600040683760245,1.079956315997946,0.9256364116086276,0.7933679851707317,0.6799999999999998
0.68,0.7787904347799052,0.8919331489774612,1.0215132424805395,1.1699187385953675,1.3398845927762417,1.5345430949457433,1.7574815942666124,2.0128086101714353,2.3052295480061007,2.3052295480061002,2.012808610171435,1.7574815942666124,1.5345430949457433,1.339884592776242,1.1699187385953675,1.0215132424805395,0.8919331489774612,0.7787904347799053,0.6800000000000002
0.68,0.7815417761797377,0.8982463939914401,1.032378062069286,1.1865390945862135,1.363720399249422,1.567359504473433,1.8014072515270005,2.070404445560987,2.3795699526384686,2.3795699526384686,2.070404445560987,1.801407251527,1.5673595044734325,1.3637203992494222,1.1865390945862133,1.0323780620692857,0.8982463939914399,0.7815417761797375,0.6799999999999998
0.68,0.7899118455215857,0.9175892995519372,1.0659039074116612,1.238191356841492,1.4383264996934397,1.6708104997580104,1.940872066736313,2.254585053172022,2.6190050591713145,2.619005059171315,2.2545850531720224,1.9408720667363133,1.670810499758011,1.4383264996934402,1.2381913568414924,1.0659039074116616,0.9175892995519375,0.7899118455215859,0.6800000000000003
0.68,0.7815867922316337,0.8983498732219631,1.0325564642841896,1.1868124922322312,1.3641131893885592,1.5679012528456868,1.8021336922759117,2.0713586642918824,2.380803785272197,2.380803785272197,2.0713586642918824,1.802133692275912,1.567901252845687,1.3641131893885594,1.1868124922322314,1.0325564642841898,0.8983498732219632,0.7815867922316339,0.6800000000000002
0.68,0.7791016586928465,0.8926461684969774,1.0227383977967783,1.171789973724021,1.3425639884823997,1.5382262210704722,1.762403823942403,2.0192525625296196,2.313533854097952,2.3135338540979524,2.01925256252962,1.7624038239424031,1.5382262210704725,1.3425639884823997,1.171789973724021,1.0227383977967783,0.8926461684969776,0.7791016586928464,0.6800000000000002
0.68,0.7795774063125083,0.8937366653425552,1.0246131051384404,1.174654745555339,1.346668088018692,1.5438706106197595,1.7699509504545006,2.029137898905409,2.326279500410429,2.326279500410428,2.029137898905409,1.7699509504545003,1.5438706106197593,1.3466680880186919,1.1746547455553389,1.0246131051384402,0.8937366653425555,0.7795774063125083,0.68
0.68,0.7842750922603461,0.9045403240293741,1.043247714825501,1.203225290875243,1.3877347441340628,1.6005379330715148,1.8459735810674205,2.1290457361791364,2.4555257958358654,2.4555257958358654,2.129045736179136,1.8459735810674205,1.6005379330715148,1.3877347441340633,1.2032252908752432,1.0432477148255015,0.9045403240293742,0.7842750922603464,0.6800000000000004
0.68,0.7892321160084687,0.9160107837341246,1.063154601666263,1.2339349351723605,1.4321486469159626,1.6622025103590443,1.9292111830665544,2.2391109179982616,2.5987915408668116,2.598791540866812,2.2391109179982616,1.9292111830665544,1.6622025103590445,1.4321486469159626,1.2339349351723607,1.063154601666263,0.9160107837341247,0.7892321160084687,0.68
0.68,0.7789061333886278,0.8921981832800336,1.0219685840514843,1.1706141150708713,1.340880167735298,1.5359114511591112,1.7593100730142053,2.01520206823994,2.3083136043669663,2.3083136043669668,2.01520206823994,1.7593100730142055,1.5359114511591114,1.3408801677352982,1.1706141150708715,1.0219685840514845,0.8921981832800339,0.7789061333886281,0.6800000000000003
0.68,0.7810006265178574,0.8970029097371847,1.030235050725121,1.183256205995553,1.3590056444318668,1.5608592055038126,1.7926941432421213,2.0589636015102797,2.3647821511132237,2.364782151113223,2.0589636015102792,1.7926941432421208,1.5608592055038124,1.3590056444318668,1.1832562059955525,1.0302350507251208,0.8970029097371847,0.7810006265178573,0.68
0.68,0.7896420668464941,0.9169626378435342,1.0648121655408553,1.2365007047073122,1.4358720178268065,1.6673896292408907,1.9362367545179213,2.2484323422671753,2.6109658263417006,2.610965826341701,2.248432342267176,1.9362367545179218,1.6673896292408912,1.4358720178268072,1.2365007047073124,1.0648121655408556,0.9169626378435346,0.7896420668464947,0.6800000000000004
0.68,0.7848781892193596,0.9059320175180305,1.0456562962726366,1.2069306181827781,1.3930787031069132,1.6079368969626586,1.8559332353927165,2.1421787016280334,2.472572559291308,2.472572559291308,2.1421787016280334,1.8559332353927165,1.6079368969626584,1.3930787031069132,1.206930618182778,1.0456562962726366,0.9059320175180305,0.7848781892193595,0.6799999999999999
0.68,0.7876442936916435,0.912328725566188,1.056750756857614,1.224034858078272,1.4178001047720759,1.6422384737046174,1.9022055333739942,2.2033254908686697,2.552112867688305,2.5521128676883045,2.2033254908686697,1.902205533373994,1.6422384737046174,1.4178001047720759,1.2240348580782718,1.0567507568576138,0.9123287255661878,0.7876442936916435,0.6799999999999998
0.68,0.7822854857921597,0.8999567371780521,1.0353280784342052,1.1910619541061258,1.3702212932006907,1.5763297499915645,1.813441006236448,2.0862184978222102,2.400027133878585,2.400027133878585,2.0862184978222102,1.8134410062364483,1.5763297499915645,1.3702212932006907,1.1910619541061258,1.0353280784342052,0.8999567371780521,0.7822854857921598,0.6799999999999999
0.68,0.7881933249060927,0.913601055039002,1.0589621370719198,1.2274513055417322,1.4227484201106795,1.6491188349293044,1.9115065553943975,2.2156422168766214,2.56816824370925,2.56816824370925,2.215642216876621,1.9115065553943973,1.649118834929304,1.4227484201106793,1.2274513055417318,1.0589621370719193,0.9136010550390019,0.7881933249060925,0.6799999999999998
0.68,0.7821782033478434,0.8997099144006767,1.0349021829120049,1.1904087206924603,1.3692819917659311,1.5750331297000477,1.8117008582384033,2.083930768089206,2.397066506007803,2.3970665060078034,2.0839307680892056,1.811700858238403,1.5750331297000477,1.369281991765931,1.1904087206924603,1.0349021829120044,0.8997099144006764,0.7821782033478432,0.6799999999999999
0.68,0.7891886677203303,0.9159099312620437,1.062979027065458,1.2336632385065318,1.4317544817831145,1.6616535470309233,1.9284678661677865,2.238124979474153,2.5975042216805853,2.5975042216805857,2.2381249794741533,1.9284678661677874,1.6616535470309235,1.4317544817831147,1.2336632385065323,1.0629790270654584,0.915909931262044,0.7891886677203304,0.68
0.68,0.7905889571733172,0.9191630870652839,1.0686473330516908,1.242442324446151,1.4445017376939335,1.6794222388801339,1.952548053661651,2.2700925434928743,2.6392795538925804,2.6392795538925795,2.270092543492874,1.9525480536616506,1.6794222388801339,1.4445017376939329,1.2424423244461507,1.0686473330516908,0.9191630870652839,0.7905889571733171,0.6800000000000002
0.68,0.7832973381261823,0.902286352817004,1.0393507329252067,1.1972362683526632,1.3791058560423006,1.588602861812006,1.8299241073484995,2.107903944498544,2.4281111011049843,2.4281111011049843,2.107903944498544,1.8299241073484998,1.5886028618120063,1.379105856042301,1.1972362683526634,1.0393507329252067,0.9022863528170042,0.7832973381261823,0.68
0.68,0.7877616737676252,0.9126006686134855,1.0572232796888428,1.224764676990854,1.4188568704673232,1.643707445758872,1.9041907774342894,2.205953697065457,2.55553790684436,2.5555379068443607,2.2059536970654574,1.9041907774342894,1.643707445758872,1.4188568704673232,1.224764676990854,1.0572232796888426,0.9126006686134853,0.787761673767625,0.6800000000000002
0.68,0.7862737055910803,0.9091563825057778,1.0512437615214698,1.2155372468396943,1.4055073167009207,1.6251668325556015,1.8791558053488404,2.1728394094920938,2.512421314934828,2.5124213149348287,2.1728394094920938,1.879155805348841,1.6251668325556017,1.405507316700921,1.2155372468396946,1.05124376152147,0.909156382505778,0.7862737055910805,0.6800000000000002
0.68,0.7968753110964539,0.9338386197574563,1.0943425597545677,1.2824331878683983,1.5028519787397752,1.7611553501326167,2.0638547316560487,2.4185807078622097,2.834275373514088,2.834275373514088,2.4185807078622092,2.0638547316560487,1.7611553501326171,1.502851978739775,1.2824331878683985,1.094342559754568,0.9338386197574563,0.7968753110964538,0.6800000000000002
0.68,0.7990513968603012,0.9389457865064684,1.1033322680648345,1.2964988088209566,1.5234840944354437,1.7902089614016061,2.103630840117327,2.4719252371678806,2.9046989907253327,2.904698990725333,2.471925237167881,2.103630840117327,1.7902089614016061,1.523484094435444,1.2964988088209564,1.1033322680648345,0.9389457865064682,0.7990513968603011,0.68
0.68,0.7931008369814887,0.9250131435599087,1.0788657329062374,1.2583078172920357,1.4675955633450934,1.7116930435872248,1.996389978712382,2.328439063320951,2.7157161323238816,2.7157161323238825,2.3284390633209515,1.9963899787123824,1.7116930435872255,1.4675955633450937,1.2583078172920361,1.0788657329062377,0.9250131435599089,0.793100836981489,0.68
0.68,0.7896962285842726,0.9170884315297407,1.0650312877313266,1.2368399871259999,1.436364519405327,1.6680759468333055,1.9371665944211778,2.2496664025791815,2.612578049543422,2.6125780495434223,2.249666402579181,1.9371665944211776,1.6680759468333053,1.4363645194053265,1.2368399871259994,1.0650312877313264,0.9170884315297405,0.7896962285842722,0.6799999999999998
0.68,0.7863227619236325,0.9092698322341316,1.0514405379649707,1.2158406291339494,1.405945825822903,1.625775301288334,1.879976654670983,2.1739241697835854,2.513832437348189,2.513832437348189,2.173924169783586,1.879976654670983,1.6257753012883343,1.4059458258229032,1.2158406291339496,1.0514405379649707,0.9092698322341318,0.7863227619236326,0.6800000000000002
0.68,0.7834024507700301,0.9025285292242491,1.0397692083590402,1.19787903832895,1.3800314328719796,1.5898823627229188,1.8316437344017358,2.1101679271586615,2.4310451848123678,2.4310451848123673,2.110167927158662,1.8316437344017362,1.5898823627229193,1.3800314328719796,1.19787903832895,1.0397692083590402,0.902528529224249,0.7834024507700302,0.6799999999999999
0.68,0.7868410608690654,0.9104689045140532,1.05352105693549,1.2190494501279703,1.4105855332213866,1.632215613833047,1.8886680369933049,2.1854140615548627,2.5287845862235314,2.5287845862235314,2.185414061554863,1.8886680369933049,1.632215613833047,1.4105855332213866,1.2190494501279703,1.0535210569354898,0.9104689045140529,0.7868410608690652,0.6799999999999999
0.68,0.7828010444222702,0.9011433458067603,1.0373764003995745,1.1942048966055911,1.3747424122309497,1.5825732295676151,1.8218234955591974,2.0972431398187803,2.4143001768493852,2.4143001768493852,2.09724313981878,1.821823495559197,1.5825732295676151,1.3747424122309493,1.194204896605591,1.0373764003995742,0.9011433458067598,0.7828010444222698,0.6799999999999997
0.68,0.7901709121158026,0.9181912799322346,1.066953001707103,1.2398165096229339,1.4406866798014477,1.6741010409585255,1.9453322742767836,2.260507319902345,2.626745780605418,2.626745780605418,2.260507319902345,1.9453322742767833,1.6741010409585255,1.4406866798014477,1.2398165096229343,1.066953001707103,0.9181912799322346,0.7901709121158027,0.68
0.68,0.7846795994042655,0.9054736378253507,1.0448627814704692,1.2057095717598154,1.3913172114211476,1.6054974001503024,1.8526486129331308,2.13784642857829,2.4669477634774295,2.466947763477429,2.1378464285782894,1.8526486129331308,1.6054974001503022,1.3913172114211474,1.2057095717598152,1.0448627814704692,0.9054736378253506,0.7846795994042653,0.68
0.68,0.7890626659320864,0.9156174864233109,1.0624699629576668,1.2328755609472672,1.4306118777699515,1.660062385569509,1.9263136052515526,2.2352678658544685,2.5937741489756654,2.5937741489756654,2.235267865854469,1.9263136052515526,1.6600623855695091,1.4306118777699515,1.2328755609472672,1.062469962957667,0.9156174864233108,0.7890626659320864,0.68
0.68,0.7933865849920313,0.9256798135960552,1.080032273683874,1.2601222313223932,1.4702412849726647,1.7153966355864088,2.001430409727531,2.335158879224893,2.7245348950030244,2.724534895003025,2.335158879224893,2.001430409727531,1.7153966355864088,1.4702412849726647,1.2601222313223934,1.0800322736838741,0.9256798135960553,0.7933865849920314,0.68
0.68,0.791927672975183,0.9222785870939535,1.074085198988462,1.2508791061941458,1.456773205502363,1.6965573745383595,1.9758099024809541,2.301027262225096,2.6797752429799653,2.6797752429799653,2.301027262225096,1.9758099024809541,1.696557374538359,1.4567732055023626,1.2508791061941456,1.074085198988462,0.9222785870939533,0.7919276729751829,0.6799999999999998
0.68,0.7853664992656405,0.9070596149540695,1.0476091682672313,1.2099369780597422,1.397417601162982,1.6139484844669998,1.8640309871190202,2.1528639571710895,2.486451807997988,2.486451807997988,2.152863957171089,1.8640309871190197,1.6139484844669998,1.3974176011629817,1.2099369780597418,1.0476091682672313,0.9070596149540693,0.7853664992656405,0.68
0.68,0.7848887864622768,0.9059564810503313,1.0456986514694546,1.206995802289852,1.3931727507710938,1.608067161301523,1.8561086511526332,2.1424100981548873,2.4728730324195833,2.472873032419583,2.1424100981548873,1.856108651152633,1.608067161301523,1.3931727507710938,1.2069958022898521,1.0456986514694544,0.9059564810503314,0.7848887864622766,0.68
0.68,0.7896520649137041,0.916985858268348,1.0648526124680382,1.236563329800204,1.4359629217254362,1.6675163033529503,1.9364083709116526,2.2486601008920117,2.6112633705271104,2.6112633705271104,2.2486601008920117,1.9364083709116524,1.6675163033529505,1.4359629217254364,1.2365633298002041,1.0648526124680384,0.9169858582683481,0.789652064913704,0.68
0.68,0.7879961927105582,0.9131441172446104,1.0581677761541128,1.2262237924388806,1.4209701174307938,1.6466456507219709,1.9081625051651656,2.211212925210575,2.5623931857916316,2.5623931857916316,2.2112129252105754,1.9081625051651658,1.6466456507219709,1.4209701174307938,1.2262237924388808,1.0581677761541128,0.9131441172446108,0.7879961927105584,0.6800000000000003
0.68,0.7863386408073283,0.9093065559216419,1.051504237147966,1.215938842120703,1.4060877888500438,1.6259722952060667,1.8802424185333975,2.1742753937909343,2.514289349844679,2.514289349844679,2.1742753937909343,1.8802424185333972,1.6259722952060667,1.4060877888500443,1.2159388421207031,1.0515042371479657,0.9093065559216421,0.7863386408073284,0.6800000000000002
0.68,0.7879483590983686,0.913033259714429,1.0579750864620865,1.22592607844817,1.4205388851310785,1.6460460052565578,1.9073518365328368,2.2101393379695713,2.5609936246057035,2.560993624605704,2.2101393379695717,1.9073518365328372,1.6460460052565578,1.420538885131079,1.22592607844817,1.0579750864620867,0.9130332597144291,0.7879483590983687,0.68
0.68,0.7852010918124592,0.9066775802698206,1.0469473911025613,1.2089179920057895,1.3959466576980466,1.6119100584359696,1.8612846143932469,2.149239281463691,2.481742691722817,2.481742691722817,2.149239281463691,1.8612846143932475,1.61191005843597,1.3959466576980468,1.2089179920057898,1.0469473911025615,0.9066775802698207,0.7852010918124593,0.6800000000000003
0.68,0.7865831582741162,0.9098721542360049,1.0524854598597506,1.2174519662559824,1.408275312742152,1.6290082988473389,1.8843389596501254,2.179690132559644,2.521334630187781,2.521334630187781,2.179690132559643,1.884338959650125,1.6290082988473389,1.4082753127421517,1.2174519662559824,1.0524854598597506,0.9098721542360048,0.786583158274116,0.68
0.68,0.7901418789591883,0.9181238071840541,1.066835397243488,1.2396343019384437,1.4404220243469172,1.6737320070759865,1.9448319896252255,2.2598429449153126,2.6258772803647803,2.6258772803647803,2.2598429449153126,1.9448319896252255,1.6737320070759865,1.440422024346917,1.2396343019384435,1.0668353972434883,0.9181238071840538,0.7901418789591884,0.6799999999999999
0.68,0.7863597469731379,0.9093553700877314,1.0515889098983127,1.2160693957461692,1.4062765034422564,1.6262341697369438,1.880595720931491,2.1747423165741955,2.514896790872147,2.5148967908721476,2.174742316574196,1.8805957209314912,1.6262341697369433,1.4062765034422562,1.216069395746169,1.0515889098983124,0.9093553700877313,0.7863597469731377,0.6799999999999999
0.68,0.7900952517178323,0.9180154511574481,1.066646542592799,1.2393417184761955,1.439997069152736,1.6731394806252522,1.9440287633877236,2.25877631640519,2.6244830033594657,2.624483003359466,2.2587763164051906,1.9440287633877238,1.6731394806252529,1.4399970691527364,1.2393417184761957,1.0666465425927991,0.9180154511574485,0.7900952517178325,0.6800000000000003
0.68,0.7886145445362241,0.9145777939030533,1.0606608093850016,1.230077266324376,1.4265541516570022,1.6544137537724208,1.9186687483907392,2.2251324722471324,2.5805468104910796,2.580546810491079,2.2251324722471315,1.9186687483907383,1.6544137537724206,1.4265541516570015,1.2300772663243758,1.0606608093850012,0.9145777939030529,0.7886145445362238,0.6799999999999998
0.68,0.7895466900288698,0.916741140787565,1.0644263725325176,1.235903410606597,1.4350050691762202,1.6661816213863734,1.9346002708125685,2.246260647572086,2.608128910636244,2.6081289106362435,2.246260647572085,1.9346002708125682,1.666181621386373,1.43500506917622,1.2359034106065967,1.0644263725325174,0.9167411407875647,0.7895466900288697,0.6799999999999999
0.68,0.7969483734168741,0.9340098674879432,1.0946435950732742,1.2829035773012432,1.5035410576189923,1.7621244121102093,2.0651796823373485,2.4203552774298918,2.836615002115734,2.836615002115734,2.4203552774298918,2.0651796823373476,1.7621244121102089,1.5035410576189918,1.282903577301243,1.0946435950732738,0.9340098674879429,0.7969483734168739,0.6799999999999998
0.68,0.7879377640814061,0.9130087059788317,1.057932409376204,1.2258601429310896,1.4204433824965226,1.6459132100125582,1.907172315543154,2.2099016029809277,2.5606837174892756,2.560683717489276,2.209901602980928,1.9071723155431548,1.6459132100125584,1.420443382496523,1.2258601429310898,1.0579324093762041,0.9130087059788318,0.7879377640814063,0.6800000000000002
0.68,0.7890092010736192,0.9154934108512215,1.0622540068880657,1.2325414489882403,1.4301272705240182,1.65938761051434,1.9254001365343834,2.234056505108869,2.592192850366574,2.5921928503665743,2.234056505108869,1.9254001365343838,1.6593876105143397,1.4301272705240182,1.2325414489882403,1.0622540068880661,0.9154934108512216,0.789009201073619,0.68
0.68,0.7888395659225518,0.9150997952424704,1.0615690077277737,1.2314818165482515,1.4285905611874088,1.6572481737766618,1.9225043088645932,2.2302168595426193,2.5871813226393474,2.5871813226393474,2.2302168595426193,1.9225043088645934,1.6572481737766622,1.4285905611874092,1.2314818165482517,1.061569007727774,0.9150997952424702,0.7888395659225519,0.6800000000000003
0.68,0.7875714831719245,0.9121600604494486,1.05645772308583,1.2235823174693259,1.4171449125768496,1.6413278245113188,1.9009749840025403,2.2016965994464797,2.5499903769421266,2.5499903769421275,2.2016965994464797,1.9009749840025407,1.6413278245113188,1.4171449125768494,1.223582317469326,1.0564577230858303,0.9121600604494489,0.7875714831719246,0.6800000000000002
0.68,0.7867804192263319,0.9103285707028859,1.053277491899006,1.2186736862322929,1.4100420496381507,1.6314609925603833,1.8876493583500964,2.1840669904632426,2.527031091728034,2.5270310917280345,2.1840669904632435,1.887649358350097,1.6314609925603831,1.410042049638151,1.2186736862322933,1.053277491899006,0.9103285707028862,0.7867804192263319,0.6800000000000003
0.68,0.7926149918297667,0.9238801842254428,1.0768842421640188,1.2552273453006442,1.4631059000587792,1.7054112809134891,1.9878449242465257,2.31705248292721,2.7007801982713104,2.7007801982713113,2.3170524829272106,1.987844924246526,1.7054112809134898,1.4631059000587796,1.2552273453006444,1.0768842421640186,0.9238801842254429,0.7926149918297668,0.6800000000000002
0.68,0.7927292353414849,0.9241465302427869,1.0773499592100746,1.255951190234974,1.464160627442939,1.7068866685440434,1.9898514170139612,2.3197255768421288,2.7042857099002133,2.704285709900214,2.319725576842129,1.9898514170139618,1.7068866685440438,1.464160627442939,1.255951190234974,1.0773499592100746,0.9241465302427869,0.7927292353414848,0.6800000000000002
0.68,0.790520365680149,0.919003600816289,1.0683692096745094,1.242011203401919,1.4438752216060688,1.6785481885007876,1.9513625408608744,2.2685173961410046,2.6372194140428915,2.6372194140428915,2.268517396141005,1.9513625408608746,1.678548188500788,1.4438752216060693,1.2420112034019195,1.0683692096745097,0.9190036008162891,0.7905203656801494,0.6800000000000002
0.68,0.7881335853853271,0.913462571194604,1.0587213696336808,1.2270792190786133,1.4222093301239043,1.648369027233848,1.9104926345175541,2.2142991321979104,2.5664169326099375,2.566416932609938,2.214299132197911,1.910492634517554,1.648369027233848,1.4222093301239038,1.227079219078613,1.0587213696336806,0.9134625711946038,0.788133585385327,0.6799999999999998
0.68,0.7881103888003969,0.9134088013751654,1.0586278905668913,1.2269347623964948,1.4220000479779764,1.6480779568913322,1.9100990579102812,2.2137778105543284,2.5657371926377395,2.5657371926377395,2.2137778105543284,1.9100990579102815,1.6480779568913324,1.4220000479779766,1.226934762396495,1.0586278905668913,0.9134088013751657,0.7881103888003969,0.68
0.68,0.7944575928755561,0.9281806865847394,1.0844120500260188,1.2669402749248795,1.4801916487263453,1.729337491531813,2.0204195599879653,2.3604965591569544,2.7578153152630387,2.7578153152630387,2.360496559156954,2.020419559987965,1.7293374915318127,1.480191648726345,1.266940274924879,1.0844120500260186,0.9281806865847391,0.794457592875556,0.6799999999999997
